2272
-0.50000000 -0.30000000 -0.06499999
-0.50000000 -0.27000000 -0.06500000
-0.47083300 -0.27000000 -0.06500000
-0.47083300 -0.30000000 -0.06500000
-0.50000000 -0.24000000 -0.06500000
-0.47083300 -0.24000000 -0.06500000
-0.50000000 -0.21000000 -0.06500000
-0.47083300 -0.21000000 -0.06500000
-0.50000000 -0.18000000 -0.06500000
-0.47083300 -0.18000000 -0.06500000
-0.50000000 -0.15000000 -0.06500000
-0.47083300 -0.15000000 -0.06500000
-0.50000000 -0.12000000 -0.06500000
-0.47083300 -0.12000000 -0.06500000
-0.50000000 -0.09000000 -0.06500000
-0.47083300 -0.09000000 -0.06500000
-0.50000000 -0.06000000 -0.06500000
-0.47083300 -0.06000000 -0.06500000
-0.50000000 -0.03000000 -0.06500000
-0.47083300 -0.03000000 -0.06500000
-0.50000000 0.00000000 -0.06500000
-0.47083300 0.00000000 -0.06500000
-0.50000000 0.03000000 -0.06500000
-0.47083300 0.03000000 -0.06500000
-0.50000000 0.06000000 -0.06500000
-0.47083300 0.06000000 -0.06500000
-0.50000000 0.09000000 -0.06500000
-0.47083300 0.09000000 -0.06500000
-0.50000000 0.12000000 -0.06500000
-0.47083300 0.12000000 -0.06500000
-0.50000000 0.15000000 -0.06500000
-0.47083300 0.15000000 -0.06500000
-0.50000000 0.18000000 -0.06500000
-0.47083300 0.18000000 -0.06500000
-0.50000000 0.21000000 -0.06500000
-0.47083300 0.21000000 -0.06500000
-0.50000000 0.24000000 -0.06500000
-0.47083300 0.24000000 -0.06500000
-0.50000000 0.27000000 -0.06500000
-0.47083300 0.27000000 -0.06500000
-0.50000000 0.30000000 -0.06500000
-0.47083300 0.30000000 -0.06500000
-0.44166700 -0.27000000 -0.06500000
-0.44166700 -0.30000000 -0.06500000
-0.44166700 -0.24000000 -0.06500000
-0.44166700 -0.21000000 -0.06500000
-0.44166700 -0.18000000 -0.06500000
-0.44166700 -0.15000000 -0.06500000
-0.44166700 -0.12000000 -0.06500000
-0.44166700 -0.09000000 -0.06500000
-0.44166700 -0.06000000 -0.06500000
-0.44166700 -0.03000000 -0.06500000
-0.44166700 0.00000000 -0.06500000
-0.44166700 0.03000000 -0.06500000
-0.44166700 0.06000000 -0.06500000
-0.44166700 0.09000000 -0.06500000
-0.44166700 0.12000000 -0.06500000
-0.44166700 0.15000000 -0.06500000
-0.44166700 0.18000000 -0.06500000
-0.44166700 0.21000000 -0.06500000
-0.44166700 0.24000000 -0.06500000
-0.44166700 0.27000000 -0.06500000
-0.44166700 0.30000000 -0.06500000
-0.41250000 -0.27000000 -0.06500000
-0.41250000 -0.30000000 -0.06500000
-0.41250000 -0.24000000 -0.06500000
-0.41250000 -0.21000000 -0.06500000
-0.41250000 -0.18000000 -0.06500000
-0.41250000 -0.15000000 -0.06500000
-0.41250000 -0.12000000 -0.06500000
-0.41250000 -0.09000000 -0.06500000
-0.41250000 -0.06000000 -0.06500000
-0.41250000 -0.03000000 -0.06500000
-0.41250000 0.00000000 -0.06500000
-0.41250000 0.03000000 -0.06500000
-0.41250000 0.06000000 -0.06500000
-0.41250000 0.09000000 -0.06500000
-0.41250000 0.12000000 -0.06500000
-0.41250000 0.15000000 -0.06500000
-0.41250000 0.18000000 -0.06500000
-0.41250000 0.21000000 -0.06500000
-0.41250000 0.24000000 -0.06500000
-0.41250000 0.27000000 -0.06500000
-0.41250000 0.30000000 -0.06500000
-0.38333300 -0.27000000 -0.06500000
-0.38333300 -0.30000000 -0.06500000
-0.38333300 -0.24000000 -0.06500000
-0.38333300 -0.21000000 -0.06500000
-0.38333300 -0.18000000 -0.06500000
-0.38333300 -0.15000000 -0.06500000
-0.38333300 -0.12000000 -0.06500000
-0.38333300 -0.09000000 -0.06500000
-0.38333300 -0.06000000 -0.06500000
-0.38333300 -0.03000000 -0.06500000
-0.38333300 0.00000000 -0.06500000
-0.38333300 0.03000000 -0.06500000
-0.38333300 0.06000000 -0.06500000
-0.38333300 0.09000000 -0.06500000
-0.38333300 0.12000000 -0.06500000
-0.38333300 0.15000000 -0.06500000
-0.38333300 0.18000000 -0.06500000
-0.38333300 0.21000000 -0.06500000
-0.38333300 0.24000000 -0.06500000
-0.38333300 0.27000000 -0.06500000
-0.38333300 0.30000000 -0.06500000
-0.35416700 -0.27000000 -0.06500000
-0.35416700 -0.30000000 -0.06500000
-0.35416700 -0.24000000 -0.06500000
-0.35416700 -0.21000000 -0.06500000
-0.35416700 -0.18000000 -0.06500000
-0.35416700 -0.15000000 -0.06500000
-0.35416700 -0.12000000 -0.06500000
-0.35416700 -0.09000000 -0.06500000
-0.35416700 -0.06000000 -0.06500000
-0.35416700 -0.03000000 -0.06500000
-0.35416700 0.00000000 -0.06500000
-0.35416700 0.03000000 -0.06500000
-0.35416700 0.06000000 -0.06500000
-0.35416700 0.09000000 -0.06500000
-0.35416700 0.12000000 -0.06500000
-0.35416700 0.15000000 -0.06500000
-0.35416700 0.18000000 -0.06500000
-0.35416700 0.21000000 -0.06500000
-0.35416700 0.24000000 -0.06500000
-0.35416700 0.27000000 -0.06500000
-0.35416700 0.30000000 -0.06500000
-0.32500000 -0.27000000 -0.06500000
-0.32500000 -0.30000000 -0.06500000
-0.32500000 -0.24000000 -0.06500000
-0.32500000 -0.21000000 -0.06500000
-0.32500000 -0.18000000 -0.06500000
-0.32500000 -0.15000000 -0.06500000
-0.32500000 -0.12000000 -0.06500000
-0.32500000 -0.09000000 -0.06500000
-0.32500000 -0.06000000 -0.06500000
-0.32500000 -0.03000000 -0.06500000
-0.32500000 0.00000000 -0.06500000
-0.32500000 0.03000000 -0.06500000
-0.32500000 0.06000000 -0.06500000
-0.32500000 0.09000000 -0.06500000
-0.32500000 0.12000000 -0.06500000
-0.32500000 0.15000000 -0.06500000
-0.32500000 0.18000000 -0.06500000
-0.32500000 0.21000000 -0.06500000
-0.32500000 0.24000000 -0.06500000
-0.32500000 0.27000000 -0.06500000
-0.32500000 0.30000000 -0.06500000
-0.29583300 -0.27000000 -0.06499999
-0.29583300 -0.30000000 -0.06499999
-0.29583300 -0.24000000 -0.06500000
-0.29583300 -0.21000000 -0.06500000
-0.29583300 -0.18000000 -0.06500000
-0.29583300 -0.15000000 -0.06500000
-0.29583300 -0.12000000 -0.06500000
-0.29583300 -0.09000000 -0.06500000
-0.29583300 -0.06000000 -0.06500000
-0.29583300 -0.03000000 -0.06500000
-0.29583300 0.00000000 -0.06500000
-0.29583300 0.03000000 -0.06499999
-0.29583300 0.06000000 -0.06499999
-0.29583300 0.09000000 -0.06500000
-0.29583300 0.12000000 -0.06500000
-0.29583300 0.15000000 -0.06500000
-0.29583300 0.18000000 -0.06500000
-0.29583300 0.21000000 -0.06500000
-0.29583300 0.24000000 -0.06500000
-0.29583300 0.27000000 -0.06500000
-0.29583300 0.30000000 -0.06500000
-0.26666700 -0.27000000 -0.06500003
-0.26666700 -0.30000000 -0.06500002
-0.26666700 -0.24000000 -0.06500002
-0.26666700 -0.21000000 -0.06500000
-0.26666700 -0.18000000 -0.06500000
-0.26666700 -0.15000000 -0.06500000
-0.26666700 -0.12000000 -0.06500000
-0.26666700 -0.09000000 -0.06499999
-0.26666700 -0.06000000 -0.06499999
-0.26666700 -0.03000000 -0.06500000
-0.26666700 0.00000000 -0.06499999
-0.26666700 0.03000000 -0.06500000
-0.26666700 0.06000000 -0.06500003
-0.26666700 0.09000000 -0.06500003
-0.26666700 0.12000000 -0.06500000
-0.26666700 0.15000000 -0.06499999
-0.26666700 0.18000000 -0.06500000
-0.26666700 0.21000000 -0.06500000
-0.26666700 0.24000000 -0.06500000
-0.26666700 0.27000000 -0.06500000
-0.26666700 0.30000000 -0.06500000
-0.23750000 -0.27000000 -0.06499989
-0.23750000 -0.30000000 -0.06500007
-0.23750000 -0.24000000 -0.06499989
-0.23750000 -0.21000000 -0.06499997
-0.23750000 -0.18000000 -0.06500002
-0.23750000 -0.15000000 -0.06500000
-0.23750000 -0.12000000 -0.06499999
-0.23750000 -0.09000000 -0.06500001
-0.23750000 -0.06000000 -0.06500002
-0.23750000 -0.03000000 -0.06500002
-0.23750000 0.00000000 -0.06500000
-0.23750000 0.03000000 -0.06500003
-0.23750000 0.06000000 -0.06499992
-0.23750000 0.09000000 -0.06499987
-0.23750000 0.12000000 -0.06499996
-0.23750000 0.15000000 -0.06500001
-0.23750000 0.18000000 -0.06500000
-0.23750000 0.21000000 -0.06500000
-0.23750000 0.24000000 -0.06500000
-0.23750000 0.27000000 -0.06500000
-0.23750000 0.30000000 -0.06500000
-0.20833300 -0.27000000 -0.06500015
-0.20833300 -0.30000000 -0.06499947
-0.20833300 -0.24000000 -0.06500049
-0.20833300 -0.21000000 -0.06500029
-0.20833300 -0.18000000 -0.06499995
-0.20833300 -0.15000000 -0.06499996
-0.20833300 -0.12000000 -0.06500003
-0.20833300 -0.09000000 -0.06500000
-0.20833300 -0.06000000 -0.06499992
-0.20833300 -0.03000000 -0.06499992
-0.20833300 0.00000000 -0.06499995
-0.20833300 0.03000000 -0.06499984
-0.20833300 0.06000000 -0.06500008
-0.20833300 0.09000000 -0.06500048
-0.20833300 0.12000000 -0.06500035
-0.20833300 0.15000000 -0.06499998
-0.20833300 0.18000000 -0.06499996
-0.20833300 0.21000000 -0.06500001
-0.20833300 0.24000000 -0.06500000
-0.20833300 0.27000000 -0.06500000
-0.20833300 0.30000000 -0.06500000
-0.17916700 -0.27000000 -0.06500053
-0.17916700 -0.30000000 -0.06500175
-0.17916700 -0.24000000 -0.06499864
-0.17916700 -0.21000000 -0.06499821
-0.17916700 -0.18000000 -0.06499976
-0.17916700 -0.15000000 -0.06500031
-0.17916700 -0.12000000 -0.06499993
-0.17916700 -0.09000000 -0.06499992
-0.17916700 -0.06000000 -0.06500015
-0.17916700 -0.03000000 -0.06500036
-0.17916700 0.00000000 -0.06500023
-0.17916700 0.03000000 -0.06500033
-0.17916700 0.06000000 -0.06500043
-0.17916700 0.09000000 -0.06499886
-0.17916700 0.12000000 -0.06499805
-0.17916700 0.15000000 -0.06499956
-0.17916700 0.18000000 -0.06500028
-0.17916700 0.21000000 -0.06499998
-0.17916700 0.24000000 -0.06499998
-0.17916700 0.27000000 -0.06500001
-0.17916700 0.30000000 -0.06500000
-0.15000000 -0.27000000 -0.06499585
-0.15000000 -0.30000000 -0.06499730
-0.15000000 -0.24000000 -0.06500100
-0.15000000 -0.21000000 -0.06500779
-0.15000000 -0.18000000 -0.06500376
-0.15000000 -0.15000000 -0.06499891
-0.15000000 -0.12000000 -0.06499964
-0.15000000 -0.09000000 -0.06500054
-0.15000000 -0.06000000 -0.06499985
-0.15000000 -0.03000000 -0.06499903
-0.15000000 0.00000000 -0.06499861
-0.15000000 0.03000000 -0.06499945
-0.15000000 0.06000000 -0.06499815
-0.15000000 0.09000000 -0.06500020
-0.15000000 0.12000000 -0.06500760
-0.15000000 0.15000000 -0.06500481
-0.15000000 0.18000000 -0.06499917
-0.15000000 0.21000000 -0.06499972
-0.15000000 0.24000000 -0.06500016
-0.15000000 0.27000000 -0.06499995
-0.15000000 0.30000000 -0.06500000
-0.12083300 -0.27000000 -0.06501184
-0.12083300 -0.30000000 -0.06499906
-0.12083300 -0.24000000 -0.06501249
-0.12083300 -0.21000000 -0.06497871
-0.12083300 -0.18000000 -0.06497292
-0.12083300 -0.15000000 -0.06499986
-0.12083300 -0.12000000 -0.06500322
-0.12083300 -0.09000000 -0.06499924
-0.12083300 -0.06000000 -0.06499819
-0.12083300 -0.03000000 -0.06500304
-0.12083300 0.00000000 -0.06500381
-0.12083300 0.03000000 -0.06500550
-0.12083300 0.06000000 -0.06500052
-0.12083300 0.09000000 -0.06501020
-0.12083300 0.12000000 -0.06498357
-0.12083300 0.15000000 -0.06496886
-0.12083300 0.18000000 -0.06499786
-0.12083300 0.21000000 -0.06500279
-0.12083300 0.24000000 -0.06499932
-0.12083300 0.27000000 -0.06500009
-0.12083300 0.30000000 -0.06500007
-0.09166670 -0.27000000 -0.06498771
-0.09166670 -0.30000000 -0.06500926
-0.09166670 -0.24000000 -0.06493654
-0.09166670 -0.21000000 -0.06500111
-0.09166670 -0.18000000 -0.06513246
-0.09166670 -0.15000000 -0.06503990
-0.09166670 -0.12000000 -0.06498211
-0.09166670 -0.09000000 -0.06500090
-0.09166670 -0.06000000 -0.06500207
-0.09166670 -0.03000000 -0.06500608
-0.09166670 0.00000000 -0.06497478
-0.09166670 0.03000000 -0.06498752
-0.09166670 0.06000000 -0.06499685
-0.09166670 0.09000000 -0.06498676
-0.09166670 0.12000000 -0.06496960
-0.09166670 0.15000000 -0.06514211
-0.09166670 0.18000000 -0.06505086
-0.09166670 0.21000000 -0.06498638
-0.09166670 0.24000000 -0.06500081
-0.09166670 0.27000000 -0.06500049
-0.09166670 0.30000000 -0.06499949
-0.06250000 -0.27000000 -0.06497227
-0.06250000 -0.30000000 -0.06502540
-0.06250000 -0.24000000 -0.06514477
-0.06250000 -0.21000000 -0.06538421
-0.06250000 -0.22500000 -0.06530307
-0.06250000 -0.18000000 -0.06462244
-0.06250000 -0.19500000 -0.06435167
-0.06250000 -0.15000000 -0.06444560
-0.06250000 -0.16500000 -0.06485019
-0.06250000 -0.12000000 -0.06499353
-0.06250000 -0.13500000 -0.06508374
-0.06250000 -0.09000000 -0.06500303
-0.06250000 -0.10500000 -0.06500516
-0.06250000 -0.06000000 -0.06496809
-0.06250000 -0.07500000 -0.06500344
-0.06250000 -0.03000000 -0.06502891
-0.06250000 -0.04500000 -0.06499535
-0.06250000 0.00000000 -0.06540780
-0.06250000 -0.01500000 -0.06496592
-0.06250000 0.03000000 -0.06519660
-0.06250000 0.01500000 -0.06498967
-0.06250000 0.06000000 -0.06507050
-0.06250000 0.04500000 -0.06499295
-0.06250000 0.09000000 -0.06502714
-0.06250000 0.07500000 -0.06501150
-0.06250000 0.12000000 -0.06468973
-0.06250000 0.10500000 -0.06510676
-0.06250000 0.15000000 -0.06323636
-0.06250000 0.13500000 -0.06517974
-0.06250000 0.18000000 -0.06426366
-0.06250000 0.16500000 -0.06489531
-0.06250000 0.21000000 -0.06494327
-0.06250000 0.19500000 -0.06506176
-0.06250000 0.24000000 -0.06499839
-0.06250000 0.22500000 -0.06501522
-0.06250000 0.27000000 -0.06499553
-0.06250000 0.30000000 -0.06500184
-0.03333330 -0.27000000 -0.06491899
-0.03333330 -0.30000000 -0.06505582
-0.04791670 -0.24000000 -0.06513677
-0.03333330 -0.24000000 -0.06596085
-0.04791670 -0.22500000 -0.06717332
-0.04791670 -0.19500000 -0.07107261
-0.04791670 -0.21000000 -0.06612945
-0.04791670 -0.16500000 -0.06737900
-0.04791670 -0.18000000 -0.07162227
-0.04791670 -0.13500000 -0.06493789
-0.04791670 -0.15000000 -0.06713765
-0.04791670 -0.10500000 -0.06500452
-0.04791670 -0.12000000 -0.06501170
-0.04791670 -0.07500000 -0.06500004
-0.04791670 -0.09000000 -0.06495642
-0.04791670 -0.04500000 -0.06502653
-0.04791670 -0.06000000 -0.06522638
-0.04791670 -0.01500000 -0.06474322
-0.04791670 -0.03000000 -0.06504492
-0.04791670 0.01500000 -0.06430982
-0.04791670 0.00000000 -0.06280159
-0.04791670 0.04500000 -0.06471671
-0.04791670 0.03000000 -0.06445171
-0.04791670 0.07500000 -0.06478772
-0.04791670 0.06000000 -0.06493116
-0.04791670 0.10500000 -0.06448800
-0.04791670 0.09000000 -0.06535619
-0.04791670 0.13500000 -0.06597835
-0.04791670 0.12000000 -0.06664682
-0.04791670 0.16500000 -0.06921804
-0.04791670 0.15000000 -0.07351600
-0.04791670 0.19500000 -0.06546025
-0.04791670 0.18000000 -0.06617514
-0.04791670 0.22500000 -0.06497377
-0.04791670 0.21000000 -0.06493164
-0.03333330 0.27000000 -0.06501445
-0.03333330 0.24000000 -0.06486343
-0.04791670 0.24000000 -0.06502036
-0.03333330 0.30000000 -0.06499742
-0.00416667 -0.27000000 -0.06485605
-0.00416667 -0.30000000 -0.06508963
-0.01875000 -0.24000000 -0.06499137
-0.00416667 -0.24000000 -0.06674340
-0.03333330 -0.22500000 -0.06620081
-0.01875000 -0.22500000 -0.06654310
-0.03333330 -0.21000000 -0.06467336
-0.03333330 -0.19500000 -0.07136207
-0.02604170 -0.19500000 -0.07054759
-0.01875000 -0.19500000 -0.07099080
-0.01875000 -0.21000000 -0.06517917
-0.03333330 -0.18000000 -0.07026297
-0.03333330 -0.17250000 -0.06840196
-0.02604170 -0.17250000 -0.06713353
-0.02604170 -0.18000000 -0.06885255
-0.03333330 -0.15000000 -0.06611457
-0.03333330 -0.14250000 -0.06547000
-0.02604170 -0.14250000 -0.06435319
-0.02604170 -0.15000000 -0.06499350
-0.03333330 -0.12000000 -0.06503892
-0.03333330 -0.11250000 -0.06499345
-0.02604170 -0.11250000 -0.06492328
-0.02604170 -0.12000000 -0.06481995
-0.03333330 -0.09000000 -0.06512963
-0.03333330 -0.08250000 -0.06520514
-0.02604170 -0.08250000 -0.06520209
-0.02604170 -0.09000000 -0.06505642
-0.03333330 -0.06000000 -0.06533664
-0.03333330 -0.05250000 -0.06610549
-0.02604170 -0.05250000 -0.06508288
-0.02604170 -0.06000000 -0.06458719
-0.03333330 -0.03000000 -0.06541312
-0.03333330 -0.02250000 -0.06650466
-0.02604170 -0.02250000 -0.06581138
-0.02604170 -0.03000000 -0.06494349
-0.03333330 0.00000000 -0.06347565
-0.03333330 0.00750000 -0.06303875
-0.02604170 0.00750000 -0.06354151
-0.02604170 0.00000000 -0.06435376
-0.03333330 0.03000000 -0.06435433
-0.03333330 0.03750000 -0.06342637
-0.02604170 0.03750000 -0.06490234
-0.02604170 0.03000000 -0.06533688
-0.03333330 0.06000000 -0.06598562
-0.03333330 0.06750000 -0.06509018
-0.02604170 0.06750000 -0.06448754
-0.02604170 0.06000000 -0.06487952
-0.03333330 0.09000000 -0.06581574
-0.03333330 0.09750000 -0.06578362
-0.02604170 0.09750000 -0.06511100
-0.02604170 0.09000000 -0.06484242
-0.03333330 0.12000000 -0.06637763
-0.03333330 0.12750000 -0.06759738
-0.02604170 0.12750000 -0.06551397
-0.02604170 0.12000000 -0.06460688
-0.03333330 0.15000000 -0.07118797
-0.03333330 0.15750000 -0.07306325
-0.02604170 0.15750000 -0.07112956
-0.02604170 0.15000000 -0.06878858
-0.03333330 0.18000000 -0.06981325
-0.03333330 0.18750000 -0.07091100
-0.02604170 0.18750000 -0.07156203
-0.02604170 0.18000000 -0.07096930
-0.03333330 0.21000000 -0.06489615
-0.03333330 0.22500000 -0.06554135
-0.01875000 0.22500000 -0.06559042
-0.01875000 0.21000000 -0.06533429
-0.00416667 0.27000000 -0.06501593
-0.00416667 0.24000000 -0.06500419
-0.01875000 0.24000000 -0.06495171
-0.00416667 0.30000000 -0.06499368
0.02500000 -0.27000000 -0.06478343
0.02500000 -0.30000000 -0.06512747
0.01041670 -0.24000000 -0.06520085
0.02500000 -0.24000000 -0.06708385
-0.00416667 -0.22500000 -0.06673184
0.01041670 -0.22500000 -0.06695952
-0.00416667 -0.21000000 -0.06512686
-0.00416667 -0.19500000 -0.07156572
0.00312500 -0.19500000 -0.07109133
0.01041670 -0.19500000 -0.07208148
0.01041670 -0.21000000 -0.06587479
-0.00416667 -0.18000000 -0.06863500
-0.00416667 -0.17250000 -0.06691850
0.00312500 -0.17250000 -0.06712806
0.00312500 -0.18000000 -0.06885326
-0.00416667 -0.15000000 -0.06367373
-0.00416667 -0.14250000 -0.06345050
0.00312500 -0.14250000 -0.06344379
0.00312500 -0.15000000 -0.06435899
-0.00416667 -0.12000000 -0.06482559
-0.00416667 -0.11250000 -0.06470639
0.00312500 -0.11250000 -0.06442679
0.00312500 -0.12000000 -0.06425586
-0.00416667 -0.09000000 -0.06512216
-0.00416667 -0.08250000 -0.06508502
0.00312500 -0.08250000 -0.06498939
0.00312500 -0.09000000 -0.06484370
-0.00416667 -0.06000000 -0.06440687
-0.00416667 -0.05250000 -0.06420904
0.00312500 -0.05250000 -0.06405842
0.00312500 -0.06000000 -0.06412793
-0.00416667 -0.03000000 -0.06448228
-0.00416667 -0.02250000 -0.06410650
0.00312500 -0.02250000 -0.06351195
0.00312500 -0.03000000 -0.06401279
-0.00416667 0.00000000 -0.06425315
-0.00416667 0.00750000 -0.06449631
0.00312500 0.00750000 -0.06489291
0.00312500 0.00000000 -0.06499850
-0.00416667 0.03000000 -0.06463256
-0.00416667 0.03750000 -0.06505222
0.00312500 0.03750000 -0.06520161
0.00312500 0.03000000 -0.06633305
-0.00416667 0.06000000 -0.06480990
-0.00416667 0.06750000 -0.06482199
0.00312500 0.06750000 -0.06478900
0.00312500 0.06000000 -0.06444858
-0.00416667 0.09000000 -0.06557771
-0.00416667 0.09750000 -0.06542362
0.00312500 0.09750000 -0.06490702
0.00312500 0.09000000 -0.06481260
-0.00416667 0.12000000 -0.06327161
-0.00416667 0.12750000 -0.06196230
0.00312500 0.12750000 -0.06210222
0.00312500 0.12000000 -0.06298364
-0.00416667 0.15000000 -0.06470129
-0.00416667 0.15750000 -0.06707449
0.00312500 0.15750000 -0.06674722
0.00312500 0.15000000 -0.06423625
-0.00416667 0.18000000 -0.07069416
-0.00416667 0.18750000 -0.07156624
0.00312500 0.18750000 -0.07175114
0.00312500 0.18000000 -0.07103039
-0.00416667 0.21000000 -0.06519278
-0.00416667 0.22500000 -0.06594181
0.01041670 0.22500000 -0.06584779
0.01041670 0.21000000 -0.06529217
0.02500000 0.27000000 -0.06505512
0.02500000 0.24000000 -0.06521648
0.01041670 0.24000000 -0.06486081
0.02500000 0.30000000 -0.06497971
0.05416670 -0.27000000 -0.06470183
0.05416670 -0.30000000 -0.06517503
0.03958330 -0.24000000 -0.06544249
0.05416670 -0.24000000 -0.06747711
0.02500000 -0.22500000 -0.06718367
0.03958330 -0.22500000 -0.06735773
0.02500000 -0.21000000 -0.06599177
0.02500000 -0.19500000 -0.07242645
0.03229170 -0.19500000 -0.07197073
0.03958330 -0.19500000 -0.07305549
0.03958330 -0.21000000 -0.06666789
0.02500000 -0.18000000 -0.06945045
0.02500000 -0.17250000 -0.06789623
0.03229170 -0.17250000 -0.06804219
0.03229170 -0.18000000 -0.06972826
0.02500000 -0.15000000 -0.06553938
0.02500000 -0.14250000 -0.06484246
0.03229170 -0.14250000 -0.06528020
0.03229170 -0.15000000 -0.06581153
0.02500000 -0.12000000 -0.06378092
0.02500000 -0.11250000 -0.06381777
0.03229170 -0.11250000 -0.06435965
0.03229170 -0.12000000 -0.06447057
0.02500000 -0.09000000 -0.06444843
0.02500000 -0.08250000 -0.06445598
0.03229170 -0.08250000 -0.06438345
0.03229170 -0.09000000 -0.06418157
0.02500000 -0.06000000 -0.06495574
0.02500000 -0.05250000 -0.06493070
0.03229170 -0.05250000 -0.06501534
0.03229170 -0.06000000 -0.06500982
0.02500000 -0.03000000 -0.06481287
0.02500000 -0.02250000 -0.06580196
0.03229170 -0.02250000 -0.06543160
0.03229170 -0.03000000 -0.06498714
0.02500000 0.00000000 -0.06386253
0.02500000 0.00750000 -0.06437500
0.03229170 0.00750000 -0.06366855
0.03229170 0.00000000 -0.06300177
0.02500000 0.03000000 -0.06320816
0.02500000 0.03750000 -0.06396716
0.03229170 0.03750000 -0.06457608
0.03229170 0.03000000 -0.06382914
0.02500000 0.06000000 -0.06475038
0.02500000 0.06750000 -0.06537044
0.03229170 0.06750000 -0.06573310
0.03229170 0.06000000 -0.06462087
0.02500000 0.09000000 -0.06300881
0.02500000 0.09750000 -0.06450992
0.03229170 0.09750000 -0.06454666
0.03229170 0.09000000 -0.06291482
0.02500000 0.12000000 -0.06367464
0.02500000 0.12750000 -0.06182453
0.03229170 0.12750000 -0.06480367
0.03229170 0.12000000 -0.06586351
0.02500000 0.15000000 -0.06484297
0.02500000 0.15750000 -0.06662097
0.03229170 0.15750000 -0.06658986
0.03229170 0.15000000 -0.06501499
0.02500000 0.18000000 -0.07082571
0.02500000 0.18750000 -0.07249086
0.03229170 0.18750000 -0.07327604
0.03229170 0.18000000 -0.07149719
0.02500000 0.21000000 -0.06523012
0.02500000 0.22500000 -0.06606431
0.03958330 0.22500000 -0.06667138
0.03958330 0.21000000 -0.06636378
0.05416670 0.27000000 -0.06497382
0.05416670 0.24000000 -0.06618861
0.03958330 0.24000000 -0.06461342
0.05416670 0.30000000 -0.06498591
0.08333330 -0.27000000 -0.06456175
0.08333330 -0.30000000 -0.06529514
0.06875000 -0.24000000 -0.06576120
0.08333330 -0.24000000 -0.06818943
0.05416670 -0.22500000 -0.06754201
0.06875000 -0.22500000 -0.06765644
0.05416670 -0.21000000 -0.06652499
0.05416670 -0.19500000 -0.07340153
0.06145830 -0.19500000 -0.07281553
0.06875000 -0.19500000 -0.07370729
0.06875000 -0.21000000 -0.06703468
0.05416670 -0.18000000 -0.07028343
0.05416670 -0.17250000 -0.06858269
0.06145830 -0.17250000 -0.06863243
0.06145830 -0.18000000 -0.07041388
0.05416670 -0.15000000 -0.06628325
0.05416670 -0.14250000 -0.06633040
0.06145830 -0.14250000 -0.06612031
0.06145830 -0.15000000 -0.06630442
0.05416670 -0.12000000 -0.06778751
0.05416670 -0.11250000 -0.06763799
0.06145830 -0.11250000 -0.06692270
0.06145830 -0.12000000 -0.06684819
0.05416670 -0.09000000 -0.06482154
0.05416670 -0.08250000 -0.06445273
0.06145830 -0.08250000 -0.06657572
0.06145830 -0.09000000 -0.06695134
0.05416670 -0.06000000 -0.06481073
0.05416670 -0.05250000 -0.06487723
0.06145830 -0.05250000 -0.06465385
0.06145830 -0.06000000 -0.06459847
0.05416670 -0.03000000 -0.06492422
0.05416670 -0.02250000 -0.06537691
0.06145830 -0.02250000 -0.06508318
0.06145830 -0.03000000 -0.06506317
0.05416670 0.00000000 -0.06218518
0.05416670 0.00750000 -0.06385495
0.06145830 0.00750000 -0.06432884
0.06145830 0.00000000 -0.06271834
0.05416670 0.03000000 -0.06599372
0.05416670 0.03750000 -0.06628333
0.06145830 0.03750000 -0.06730874
0.06145830 0.03000000 -0.06707623
0.05416670 0.06000000 -0.06734528
0.05416670 0.06750000 -0.06652835
0.06145830 0.06750000 -0.06905987
0.06145830 0.06000000 -0.06891318
0.05416670 0.09000000 -0.06455652
0.05416670 0.09750000 -0.06598753
0.06145830 0.09750000 -0.06937887
0.06145830 0.09000000 -0.06831304
0.05416670 0.12000000 -0.06710913
0.05416670 0.12750000 -0.06597145
0.06145830 0.12750000 -0.06530932
0.06145830 0.12000000 -0.06653111
0.05416670 0.15000000 -0.06552732
0.05416670 0.15750000 -0.06659654
0.06145830 0.15750000 -0.06683655
0.06145830 0.15000000 -0.06573882
0.05416670 0.18000000 -0.07158906
0.05416670 0.18750000 -0.07421494
0.06145830 0.18750000 -0.07477085
0.06145830 0.18000000 -0.07204856
0.05416670 0.21000000 -0.06669897
0.05416670 0.22500000 -0.06722156
0.06875000 0.22500000 -0.06758169
0.06875000 0.21000000 -0.06771735
0.08333330 0.27000000 -0.06478790
0.08333330 0.24000000 -0.06732199
0.06875000 0.24000000 -0.06496917
0.08333330 0.30000000 -0.06504695
0.11250000 -0.27000000 -0.06427989
0.11250000 -0.30000000 -0.06537082
0.09791670 -0.24000000 -0.06634933
0.11250000 -0.24000000 -0.06946865
0.08333330 -0.22500000 -0.06798958
0.09791670 -0.22500000 -0.06834242
0.08333330 -0.21000000 -0.06679960
0.08333330 -0.19500000 -0.07406479
0.09062500 -0.19500000 -0.07351736
0.09791670 -0.19500000 -0.07465809
0.09791670 -0.21000000 -0.06778034
0.08333330 -0.18000000 -0.07064457
0.08333330 -0.17250000 -0.06889920
0.09062500 -0.17250000 -0.06892879
0.09062500 -0.18000000 -0.07084865
0.08333330 -0.15000000 -0.06619036
0.08333330 -0.14250000 -0.06564886
0.09062500 -0.14250000 -0.06543424
0.09062500 -0.15000000 -0.06600350
0.08333330 -0.12000000 -0.06490602
0.08333330 -0.11250000 -0.06485006
0.09062500 -0.11250000 -0.06446003
0.09062500 -0.12000000 -0.06458234
0.08333330 -0.09000000 -0.06626357
0.08333330 -0.08250000 -0.06693512
0.09062500 -0.08250000 -0.06528544
0.09062500 -0.09000000 -0.06501484
0.08333330 -0.06000000 -0.06755623
0.08333330 -0.05250000 -0.06665513
0.09062500 -0.05250000 -0.06585565
0.09062500 -0.06000000 -0.06608697
0.08333330 -0.03000000 -0.06454683
0.08333330 -0.02250000 -0.06515537
0.09062500 -0.02250000 -0.06465705
0.09062500 -0.03000000 -0.06464168
0.08333330 0.00000000 -0.06436680
0.08333330 0.00750000 -0.06445930
0.09062500 0.00750000 -0.06474942
0.09062500 0.00000000 -0.06499456
0.08333330 0.03000000 -0.06821631
0.08333330 0.03750000 -0.06847256
0.09062500 0.03750000 -0.07032546
0.09062500 0.03000000 -0.06922711
0.08333330 0.06000000 -0.07129020
0.08333330 0.06750000 -0.07181136
0.09062500 0.06750000 -0.06983223
0.09062500 0.06000000 -0.06969068
0.08333330 0.09000000 -0.06927576
0.08333330 0.09750000 -0.06810642
0.09062500 0.09750000 -0.06668078
0.09062500 0.09000000 -0.06781713
0.08333330 0.12000000 -0.06488540
0.08333330 0.12750000 -0.06458953
0.09062500 0.12750000 -0.06474777
0.09062500 0.12000000 -0.06483375
0.08333330 0.15000000 -0.06628642
0.08333330 0.15750000 -0.06757904
0.09062500 0.15750000 -0.06782338
0.09062500 0.15000000 -0.06658702
0.08333330 0.18000000 -0.07288551
0.08333330 0.18750000 -0.07567179
0.09062500 0.18750000 -0.07621303
0.09062500 0.18000000 -0.07334481
0.08333330 0.21000000 -0.06804117
0.08333330 0.22500000 -0.06830671
0.09791670 0.22500000 -0.06878583
0.09791670 0.21000000 -0.06931540
0.11250000 0.27000000 -0.06434295
0.11250000 0.24000000 -0.06888951
0.09791670 0.24000000 -0.06574939
0.11250000 0.30000000 -0.06520899
0.14166700 -0.27000000 -0.06416981
0.14166700 -0.30000000 -0.06558054
0.12708300 -0.24000000 -0.06723583
0.14166700 -0.24000000 -0.07132750
0.11250000 -0.22500000 -0.06918052
0.12708300 -0.22500000 -0.06957762
0.11250000 -0.21000000 -0.06804577
0.11250000 -0.19500000 -0.07511385
0.11979200 -0.19500000 -0.07463817
0.12708300 -0.19500000 -0.07594116
0.12708300 -0.21000000 -0.06920930
0.11250000 -0.18000000 -0.07143158
0.11250000 -0.17250000 -0.06934540
0.11979200 -0.17250000 -0.06945914
0.11979200 -0.18000000 -0.07168736
0.11250000 -0.15000000 -0.06566585
0.11250000 -0.14250000 -0.06484233
0.11979200 -0.14250000 -0.06461936
0.11979200 -0.15000000 -0.06549828
0.11250000 -0.12000000 -0.06342708
0.11250000 -0.11250000 -0.06303278
0.11979200 -0.11250000 -0.06241030
0.11979200 -0.12000000 -0.06287238
0.11250000 -0.09000000 -0.06245492
0.11250000 -0.08250000 -0.06224088
0.11979200 -0.08250000 -0.06128960
0.11979200 -0.09000000 -0.06147934
0.11250000 -0.06000000 -0.06257219
0.11250000 -0.05250000 -0.06250342
0.11979200 -0.05250000 -0.06134877
0.11979200 -0.06000000 -0.06132615
0.11250000 -0.03000000 -0.06403209
0.11250000 -0.02250000 -0.06491038
0.11979200 -0.02250000 -0.06333862
0.11979200 -0.03000000 -0.06279175
0.11250000 0.00000000 -0.06508819
0.11250000 0.00750000 -0.06536407
0.11979200 0.00750000 -0.06301020
0.11979200 0.00000000 -0.06273532
0.11250000 0.03000000 -0.06594194
0.11250000 0.03750000 -0.06580214
0.11979200 0.03750000 -0.06318336
0.11979200 0.03000000 -0.06323024
0.11250000 0.06000000 -0.06452083
0.11250000 0.06750000 -0.06437819
0.11979200 0.06750000 -0.06248442
0.11979200 0.06000000 -0.06254769
0.11250000 0.09000000 -0.06349102
0.11250000 0.09750000 -0.06331643
0.11979200 0.09750000 -0.06238178
0.11979200 0.09000000 -0.06246517
0.11250000 0.12000000 -0.06372212
0.11250000 0.12750000 -0.06437759
0.11979200 0.12750000 -0.06399446
0.11979200 0.12000000 -0.06329441
0.11250000 0.15000000 -0.06692116
0.11250000 0.15750000 -0.06825295
0.11979200 0.15750000 -0.06812336
0.11979200 0.15000000 -0.06681738
0.11250000 0.18000000 -0.07384520
0.11250000 0.18750000 -0.07677292
0.11979200 0.18750000 -0.07707360
0.11979200 0.18000000 -0.07403123
0.11250000 0.21000000 -0.06963856
0.11250000 0.22500000 -0.06985224
0.12708300 0.22500000 -0.07088375
0.12708300 0.21000000 -0.07116804
0.14166700 0.27000000 -0.06426636
0.14166700 0.24000000 -0.07186862
0.12708300 0.24000000 -0.06731314
0.14166700 0.30000000 -0.06543741
0.17083300 -0.27000000 -0.06436775
0.17083300 -0.30000000 -0.06573523
0.15625000 -0.24000000 -0.06886381
0.17083300 -0.24000000 -0.07194219
0.14166700 -0.22500000 -0.07069770
0.15625000 -0.22500000 -0.07109142
0.14166700 -0.21000000 -0.06926884
0.14166700 -0.19500000 -0.07589393
0.14895800 -0.19500000 -0.07503786
0.15625000 -0.19500000 -0.07560895
0.15625000 -0.21000000 -0.07017635
0.14166700 -0.18000000 -0.07160181
0.14166700 -0.17250000 -0.06922109
0.14895800 -0.17250000 -0.06885450
0.14895800 -0.18000000 -0.07135445
0.14166700 -0.15000000 -0.06457718
0.14166700 -0.14250000 -0.06345294
0.14895800 -0.14250000 -0.06284235
0.14895800 -0.15000000 -0.06397769
0.14166700 -0.12000000 -0.06107411
0.14166700 -0.11250000 -0.06022708
0.14895800 -0.11250000 -0.05933149
0.14895800 -0.12000000 -0.06013616
0.14166700 -0.09000000 -0.05849779
0.14166700 -0.08250000 -0.05781797
0.14895800 -0.08250000 -0.05644168
0.14895800 -0.09000000 -0.05710864
0.14166700 -0.06000000 -0.05690230
0.14166700 -0.05250000 -0.05666422
0.14895800 -0.05250000 -0.05477916
0.14895800 -0.06000000 -0.05493939
0.14166700 -0.03000000 -0.05765429
0.14166700 -0.02250000 -0.05815275
0.14895800 -0.02250000 -0.05649009
0.14895800 -0.03000000 -0.05584913
0.14166700 0.00000000 -0.05788836
0.14166700 0.00750000 -0.05760438
0.14895800 0.00750000 -0.05623702
0.14895800 0.00000000 -0.05627587
0.14166700 0.03000000 -0.05743689
0.14166700 0.03750000 -0.05750458
0.14895800 0.03750000 -0.05619560
0.14895800 0.03000000 -0.05598730
0.14166700 0.06000000 -0.05796580
0.14166700 0.06750000 -0.05829274
0.14895800 0.06750000 -0.05714282
0.14895800 0.06000000 -0.05673849
0.14166700 0.09000000 -0.05946028
0.14166700 0.09750000 -0.05996171
0.14895800 0.09750000 -0.05903720
0.14895800 0.09000000 -0.05845067
0.14166700 0.12000000 -0.06167484
0.14166700 0.12750000 -0.06242839
0.14895800 0.12750000 -0.06171457
0.14895800 0.12000000 -0.06093752
0.14166700 0.15000000 -0.06553363
0.14166700 0.15750000 -0.06700803
0.14895800 0.15750000 -0.06632454
0.14895800 0.15000000 -0.06487596
0.14166700 0.18000000 -0.07305469
0.14166700 0.18750000 -0.07608285
0.14895800 0.18750000 -0.07571859
0.14895800 0.18000000 -0.07261131
0.14166700 0.21000000 -0.07154462
0.14166700 0.22500000 -0.07248636
0.15625000 0.22500000 -0.07267580
0.15625000 0.21000000 -0.07210072
0.17083300 0.27000000 -0.06437280
0.17083300 0.24000000 -0.07256881
0.15625000 0.24000000 -0.06937681
0.17083300 0.30000000 -0.06588335
0.20000000 -0.27000000 -0.06420857
0.20000000 -0.30000000 -0.06543074
0.18541700 -0.24000000 -0.06980726
0.20000000 -0.24000000 -0.07144823
0.17083300 -0.22500000 -0.07190050
0.18541700 -0.22500000 -0.07172389
0.17083300 -0.21000000 -0.07043382
0.17083300 -0.19500000 -0.07497171
0.17812500 -0.19500000 -0.07419833
0.18541700 -0.19500000 -0.07452151
0.18541700 -0.21000000 -0.07083088
0.17083300 -0.18000000 -0.07022929
0.17083300 -0.17250000 -0.06762378
0.17812500 -0.17250000 -0.06718485
0.17812500 -0.18000000 -0.06990001
0.17083300 -0.15000000 -0.06205415
0.17083300 -0.14250000 -0.06062162
0.17812500 -0.14250000 -0.05990791
0.17812500 -0.15000000 -0.06138807
0.17083300 -0.12000000 -0.05709043
0.17083300 -0.11250000 -0.05587813
0.17812500 -0.11250000 -0.05476224
0.17812500 -0.12000000 -0.05598551
0.17083300 -0.09000000 -0.05272586
0.17083300 -0.08250000 -0.05157863
0.17812500 -0.08250000 -0.05015717
0.17812500 -0.09000000 -0.05121784
0.17083300 -0.06000000 -0.04995602
0.17083300 -0.05250000 -0.04972051
0.17812500 -0.05250000 -0.04860547
0.17812500 -0.06000000 -0.04841611
0.17083300 -0.03000000 -0.05304900
0.17083300 -0.02250000 -0.05448275
0.17812500 -0.02250000 -0.05543933
0.17812500 -0.03000000 -0.05318348
0.17083300 0.00000000 -0.05292930
0.17083300 0.00750000 -0.05232954
0.17812500 0.00750000 -0.05135362
0.17812500 0.00000000 -0.05205295
0.17083300 0.03000000 -0.05174821
0.17083300 0.03750000 -0.05179704
0.17812500 0.03750000 -0.05034851
0.17812500 0.03000000 -0.05015125
0.17083300 0.06000000 -0.05267044
0.17083300 0.06750000 -0.05310233
0.17812500 0.06750000 -0.05160667
0.17812500 0.06000000 -0.05105224
0.17083300 0.09000000 -0.05486003
0.17083300 0.09750000 -0.05553659
0.17812500 0.09750000 -0.05412592
0.17812500 0.09000000 -0.05335476
0.17083300 0.12000000 -0.05792726
0.17083300 0.12750000 -0.05888035
0.17812500 0.12750000 -0.05764094
0.17812500 0.12000000 -0.05660370
0.17083300 0.15000000 -0.06245124
0.17083300 0.15750000 -0.06405383
0.17812500 0.15750000 -0.06307562
0.17812500 0.15000000 -0.06142344
0.17083300 0.18000000 -0.07065191
0.17083300 0.18750000 -0.07381824
0.17812500 0.18750000 -0.07331557
0.17812500 0.18000000 -0.07001527
0.17083300 0.21000000 -0.07152986
0.17083300 0.22500000 -0.07279001
0.18541700 0.22500000 -0.07224817
0.18541700 0.21000000 -0.07117925
0.20000000 0.27000000 -0.06435093
0.20000000 0.24000000 -0.07156674
0.18541700 0.24000000 -0.06967089
0.20000000 0.30000000 -0.06600503
-0.02604170 -0.18750000 -0.07060247
-0.03333330 -0.18750000 -0.07183649
-0.00416667 -0.18750000 -0.07076691
-0.01145830 -0.18750000 -0.07073691
-0.01145830 -0.18000000 -0.06855185
-0.01145830 -0.19500000 -0.07081602
-0.02604170 -0.15750000 -0.06563255
-0.03333330 -0.15750000 -0.06710928
-0.00416667 -0.15750000 -0.06431220
-0.01145830 -0.15750000 -0.06423282
-0.01145830 -0.15000000 -0.06396402
-0.01145830 -0.17250000 -0.06682460
-0.02604170 -0.12750000 -0.06494994
-0.03333330 -0.12750000 -0.06498794
-0.00416667 -0.12750000 -0.06397213
-0.01145830 -0.12750000 -0.06464201
-0.01145830 -0.12000000 -0.06539434
-0.01145830 -0.14250000 -0.06365587
-0.02604170 -0.09750000 -0.06499905
-0.03333330 -0.09750000 -0.06498884
-0.00416667 -0.09750000 -0.06471822
-0.01145830 -0.09750000 -0.06532246
-0.01145830 -0.09000000 -0.06524019
-0.01145830 -0.11250000 -0.06545301
-0.02604170 -0.06750000 -0.06421817
-0.03333330 -0.06750000 -0.06466627
-0.00416667 -0.06750000 -0.06426857
-0.01145830 -0.06750000 -0.06440609
-0.01145830 -0.06000000 -0.06438474
-0.01145830 -0.08250000 -0.06516964
-0.02604170 -0.03750000 -0.06400761
-0.03333330 -0.03750000 -0.06438625
-0.00416667 -0.03750000 -0.06402124
-0.01145830 -0.03750000 -0.06384887
-0.01145830 -0.03000000 -0.06427094
-0.01145830 -0.05250000 -0.06406156
-0.02604170 -0.00750000 -0.06480407
-0.03333330 -0.00750000 -0.06337961
-0.00416667 -0.00750000 -0.06446751
-0.01145830 -0.00750000 -0.06448837
-0.01145830 0.00000000 -0.06420859
-0.01145830 -0.02250000 -0.06456746
-0.02604170 0.02250000 -0.06541083
-0.03333330 0.02250000 -0.06467471
-0.00416667 0.02250000 -0.06471555
-0.01145830 0.02250000 -0.06554479
-0.01145830 0.03000000 -0.06544008
-0.01145830 0.00750000 -0.06452737
-0.02604170 0.05250000 -0.06525356
-0.03333330 0.05250000 -0.06677220
-0.00416667 0.05250000 -0.06508440
-0.01145830 0.05250000 -0.06442848
-0.01145830 0.06000000 -0.06435123
-0.01145830 0.03750000 -0.06479875
-0.02604170 0.08250000 -0.06512518
-0.03333330 0.08250000 -0.06627631
-0.00416667 0.08250000 -0.06444077
-0.01145830 0.08250000 -0.06365209
-0.01145830 0.09000000 -0.06364901
-0.01145830 0.06750000 -0.06422009
-0.02604170 0.11250000 -0.06428990
-0.03333330 0.11250000 -0.06587091
-0.00416667 0.11250000 -0.06309150
-0.01145830 0.11250000 -0.06278588
-0.01145830 0.12000000 -0.06273661
-0.01145830 0.09750000 -0.06359990
-0.02604170 0.14250000 -0.06655728
-0.03333330 0.14250000 -0.06915782
-0.00416667 0.14250000 -0.06198376
-0.01145830 0.14250000 -0.06267260
-0.01145830 0.15000000 -0.06522930
-0.01145830 0.12750000 -0.06173236
-0.02604170 0.17250000 -0.07153394
-0.03333330 0.17250000 -0.06908393
-0.00416667 0.17250000 -0.07083030
-0.01145830 0.17250000 -0.07141925
-0.01145830 0.18000000 -0.07159080
-0.01145830 0.15750000 -0.06759326
-0.01875000 0.19500000 -0.07151379
-0.02604170 0.19500000 -0.06955195
-0.03333330 0.19500000 -0.07091478
-0.00416667 0.19500000 -0.07090115
-0.01145830 0.19500000 -0.07014161
-0.01145830 0.18750000 -0.07212966
0.00312500 -0.18750000 -0.07105259
0.02500000 -0.18750000 -0.07160586
0.01770830 -0.18750000 -0.07159475
0.01770830 -0.18000000 -0.06934241
0.01770830 -0.19500000 -0.07176869
0.00312500 -0.15750000 -0.06478411
0.02500000 -0.15750000 -0.06606675
0.01770830 -0.15750000 -0.06606228
0.01770830 -0.15000000 -0.06578150
0.01770830 -0.17250000 -0.06770669
0.00312500 -0.12750000 -0.06361753
0.02500000 -0.12750000 -0.06289363
0.01770830 -0.12750000 -0.06348355
0.01770830 -0.12000000 -0.06367784
0.01770830 -0.14250000 -0.06516585
0.00312500 -0.09750000 -0.06429254
0.02500000 -0.09750000 -0.06383143
0.01770830 -0.09750000 -0.06398468
0.01770830 -0.09000000 -0.06447450
0.01770830 -0.11250000 -0.06357467
0.00312500 -0.06750000 -0.06413055
0.02500000 -0.06750000 -0.06532314
0.01770830 -0.06750000 -0.06443902
0.01770830 -0.06000000 -0.06535337
0.01770830 -0.08250000 -0.06447879
0.00312500 -0.03750000 -0.06389801
0.02500000 -0.03750000 -0.06497074
0.01770830 -0.03750000 -0.06534616
0.01770830 -0.03000000 -0.06526087
0.01770830 -0.05250000 -0.06541532
0.00312500 -0.00750000 -0.06469903
0.02500000 -0.00750000 -0.06210755
0.01770830 -0.00750000 -0.06380015
0.01770830 0.00000000 -0.06529525
0.01770830 -0.02250000 -0.06463125
0.00312500 0.02250000 -0.06430049
0.02500000 0.02250000 -0.06311913
0.01770830 0.02250000 -0.06269552
0.01770830 0.03000000 -0.06178131
0.01770830 0.00750000 -0.06542597
0.00312500 0.05250000 -0.06501202
0.02500000 0.05250000 -0.06425652
0.01770830 0.05250000 -0.06464694
0.01770830 0.06000000 -0.06576801
0.01770830 0.03750000 -0.06247995
0.00312500 0.08250000 -0.06489342
0.02500000 0.08250000 -0.06238482
0.01770830 0.08250000 -0.06412063
0.01770830 0.09000000 -0.06431831
0.01770830 0.06750000 -0.06405340
0.00312500 0.11250000 -0.06316031
0.02500000 0.11250000 -0.06529655
0.01770830 0.11250000 -0.06450280
0.01770830 0.12000000 -0.06288341
0.01770830 0.09750000 -0.06477188
0.00312500 0.14250000 -0.06150245
0.02500000 0.14250000 -0.06263915
0.01770830 0.14250000 -0.06212596
0.01770830 0.15000000 -0.06440251
0.01770830 0.12750000 -0.06035499
0.00312500 0.17250000 -0.07066701
0.02500000 0.17250000 -0.07015671
0.01770830 0.17250000 -0.07026707
0.01770830 0.18000000 -0.07119517
0.01770830 0.15750000 -0.06646791
0.01041670 0.19500000 -0.07179589
0.00312500 0.19500000 -0.07021215
0.02500000 0.19500000 -0.07238143
0.01770830 0.19500000 -0.07095679
0.01770830 0.18750000 -0.07243425
0.03229170 -0.18750000 -0.07194614
0.05416670 -0.18750000 -0.07254436
0.04687500 -0.18750000 -0.07260340
0.04687500 -0.18000000 -0.07027128
0.04687500 -0.19500000 -0.07267327
0.03229170 -0.15750000 -0.06622905
0.05416670 -0.15750000 -0.06654027
0.04687500 -0.15750000 -0.06655704
0.04687500 -0.15000000 -0.06636915
0.04687500 -0.17250000 -0.06849774
0.03229170 -0.12750000 -0.06327854
0.05416670 -0.12750000 -0.06736561
0.04687500 -0.12750000 -0.06812536
0.04687500 -0.12000000 -0.06891970
0.04687500 -0.14250000 -0.06651046
0.03229170 -0.09750000 -0.06359226
0.05416670 -0.09750000 -0.06480098
0.04687500 -0.09750000 -0.06485271
0.04687500 -0.09000000 -0.06439020
0.04687500 -0.11250000 -0.06875873
0.03229170 -0.06750000 -0.06486723
0.05416670 -0.06750000 -0.06418671
0.04687500 -0.06750000 -0.06466275
0.04687500 -0.06000000 -0.06492567
0.04687500 -0.08250000 -0.06404955
0.03229170 -0.03750000 -0.06506747
0.05416670 -0.03750000 -0.06480130
0.04687500 -0.03750000 -0.06498541
0.04687500 -0.03000000 -0.06482200
0.04687500 -0.05250000 -0.06502009
0.03229170 -0.00750000 -0.06095424
0.05416670 -0.00750000 -0.06080042
0.04687500 -0.00750000 -0.06062146
0.04687500 0.00000000 -0.06218321
0.04687500 -0.02250000 -0.06606246
0.03229170 0.02250000 -0.06347718
0.05416670 0.02250000 -0.06588325
0.04687500 0.02250000 -0.06502463
0.04687500 0.03000000 -0.06511060
0.04687500 0.00750000 -0.06367586
0.03229170 0.05250000 -0.06754748
0.05416670 0.05250000 -0.06729973
0.04687500 0.05250000 -0.06612682
0.04687500 0.06000000 -0.06525278
0.04687500 0.03750000 -0.06524754
0.03229170 0.08250000 -0.06123066
0.05416670 0.08250000 -0.06309083
0.04687500 0.08250000 -0.06183702
0.04687500 0.09000000 -0.06358305
0.04687500 0.06750000 -0.06458565
0.03229170 0.11250000 -0.06637654
0.05416670 0.11250000 -0.06766049
0.04687500 0.11250000 -0.06827745
0.04687500 0.12000000 -0.06776583
0.04687500 0.09750000 -0.06508157
0.03229170 0.14250000 -0.06367424
0.05416670 0.14250000 -0.06483791
0.04687500 0.14250000 -0.06464389
0.04687500 0.15000000 -0.06529028
0.04687500 0.12750000 -0.06643023
0.03229170 0.17250000 -0.07017520
0.05416670 0.17250000 -0.06968438
0.04687500 0.17250000 -0.06975835
0.04687500 0.18000000 -0.07182918
0.04687500 0.15750000 -0.06632043
0.03958330 0.19500000 -0.07457094
0.03229170 0.19500000 -0.07203114
0.05416670 0.19500000 -0.07508393
0.04687500 0.19500000 -0.07378681
0.04687500 0.18750000 -0.07420654
0.06145830 -0.18750000 -0.07276246
0.08333330 -0.18750000 -0.07305041
0.07604170 -0.18750000 -0.07303946
0.07604170 -0.18000000 -0.07060056
0.07604170 -0.19500000 -0.07314854
0.06145830 -0.15750000 -0.06656980
0.08333330 -0.15750000 -0.06681102
0.07604170 -0.15750000 -0.06690309
0.07604170 -0.15000000 -0.06640803
0.07604170 -0.17250000 -0.06878150
0.06145830 -0.12750000 -0.06663965
0.08333330 -0.12750000 -0.06489575
0.07604170 -0.12750000 -0.06526424
0.07604170 -0.12000000 -0.06528051
0.07604170 -0.14250000 -0.06593105
0.06145830 -0.09750000 -0.06652611
0.08333330 -0.09750000 -0.06557829
0.07604170 -0.09750000 -0.06686079
0.07604170 -0.09000000 -0.06828622
0.07604170 -0.11250000 -0.06530668
0.06145830 -0.06750000 -0.06424276
0.08333330 -0.06750000 -0.06740968
0.07604170 -0.06750000 -0.06900610
0.07604170 -0.06000000 -0.06845977
0.07604170 -0.08250000 -0.06924754
0.06145830 -0.03750000 -0.06441124
0.08333330 -0.03750000 -0.06356804
0.07604170 -0.03750000 -0.06405871
0.07604170 -0.03000000 -0.06447402
0.07604170 -0.05250000 -0.06744366
0.06145830 -0.00750000 -0.06130028
0.08333330 -0.00750000 -0.06517774
0.07604170 -0.00750000 -0.06478000
0.07604170 0.00000000 -0.06509196
0.07604170 -0.02250000 -0.06509122
0.06145830 0.02250000 -0.06684208
0.08333330 0.02250000 -0.06701287
0.07604170 0.02250000 -0.06765654
0.07604170 0.03000000 -0.06875223
0.07604170 0.00750000 -0.06511049
0.06145830 0.05250000 -0.06861715
0.08333330 0.05250000 -0.06963348
0.07604170 0.05250000 -0.07059151
0.07604170 0.06000000 -0.07193895
0.07604170 0.03750000 -0.06959176
0.06145830 0.08250000 -0.06611151
0.08333330 0.08250000 -0.07054013
0.07604170 0.08250000 -0.07220825
0.07604170 0.09000000 -0.07077330
0.07604170 0.06750000 -0.07301146
0.06145830 0.11250000 -0.06804345
0.08333330 0.11250000 -0.06571340
0.07604170 0.11250000 -0.06644403
0.07604170 0.12000000 -0.06539592
0.07604170 0.09750000 -0.06950432
0.06145830 0.14250000 -0.06472815
0.08333330 0.14250000 -0.06517509
0.07604170 0.14250000 -0.06511527
0.07604170 0.15000000 -0.06621433
0.07604170 0.12750000 -0.06447786
0.06145830 0.17250000 -0.06985569
0.08333330 0.17250000 -0.07083636
0.07604170 0.17250000 -0.07059980
0.07604170 0.18000000 -0.07278179
0.07604170 0.15750000 -0.06738573
0.06875000 0.19500000 -0.07635802
0.06145830 0.19500000 -0.07449882
0.08333330 0.19500000 -0.07688610
0.07604170 0.19500000 -0.07557829
0.07604170 0.18750000 -0.07546761
0.09062500 -0.18750000 -0.07335973
0.11250000 -0.18750000 -0.07400638
0.10520800 -0.18750000 -0.07393175
0.10520800 -0.18000000 -0.07125855
0.10520800 -0.19500000 -0.07418268
0.09062500 -0.15750000 -0.06666977
0.11250000 -0.15750000 -0.06653016
0.10520800 -0.15750000 -0.06653271
0.10520800 -0.15000000 -0.06571236
0.10520800 -0.17250000 -0.06913397
0.09062500 -0.12750000 -0.06462897
0.11250000 -0.12750000 -0.06372483
0.10520800 -0.12750000 -0.06411082
0.10520800 -0.12000000 -0.06392105
0.10520800 -0.14250000 -0.06496290
0.09062500 -0.09750000 -0.06451024
0.11250000 -0.09750000 -0.06244444
0.10520800 -0.09750000 -0.06330265
0.10520800 -0.09000000 -0.06330108
0.10520800 -0.11250000 -0.06366705
0.09062500 -0.06750000 -0.06589544
0.11250000 -0.06750000 -0.06210887
0.10520800 -0.06750000 -0.06316647
0.10520800 -0.06000000 -0.06360079
0.10520800 -0.08250000 -0.06313972
0.09062500 -0.03750000 -0.06309337
0.11250000 -0.03750000 -0.06284923
0.10520800 -0.03750000 -0.06486264
0.10520800 -0.03000000 -0.06675891
0.10520800 -0.05250000 -0.06368999
0.09062500 -0.00750000 -0.06492640
0.11250000 -0.00750000 -0.06432374
0.10520800 -0.00750000 -0.06730773
0.10520800 0.00000000 -0.06796908
0.10520800 -0.02250000 -0.06751964
0.09062500 0.02250000 -0.06749601
0.11250000 0.02250000 -0.06564108
0.10520800 0.02250000 -0.06881289
0.10520800 0.03000000 -0.06897918
0.10520800 0.00750000 -0.06824787
0.09062500 0.05250000 -0.06965559
0.11250000 0.05250000 -0.06488281
0.10520800 0.05250000 -0.06710140
0.10520800 0.06000000 -0.06659190
0.10520800 0.03750000 -0.06868216
0.09062500 0.08250000 -0.06896675
0.11250000 0.08250000 -0.06386222
0.10520800 0.08250000 -0.06539127
0.10520800 0.09000000 -0.06491668
0.10520800 0.06750000 -0.06625275
0.09062500 0.11250000 -0.06489268
0.11250000 0.11250000 -0.06320215
0.10520800 0.11250000 -0.06398914
0.10520800 0.12000000 -0.06440581
0.10520800 0.09750000 -0.06442098
0.09062500 0.14250000 -0.06542617
0.11250000 0.14250000 -0.06589640
0.10520800 0.14250000 -0.06600978
0.10520800 0.15000000 -0.06702795
0.10520800 0.12750000 -0.06475803
0.09062500 0.17250000 -0.07109761
0.11250000 0.17250000 -0.07166298
0.10520800 0.17250000 -0.07152937
0.10520800 0.18000000 -0.07384522
0.10520800 0.15750000 -0.06824236
0.09791670 0.19500000 -0.07789083
0.09062500 0.19500000 -0.07623583
0.11250000 0.19500000 -0.07815364
0.10520800 0.19500000 -0.07701849
0.10520800 0.18750000 -0.07672138
0.11979200 -0.18750000 -0.07441683
0.14166700 -0.18750000 -0.07446863
0.13437500 -0.18750000 -0.07480958
0.13437500 -0.18000000 -0.07184359
0.13437500 -0.19500000 -0.07529007
0.11979200 -0.15750000 -0.06644585
0.14166700 -0.15750000 -0.06575953
0.13437500 -0.15750000 -0.06614534
0.13437500 -0.15000000 -0.06499606
0.13437500 -0.17250000 -0.06942101
0.11979200 -0.12750000 -0.06328356
0.14166700 -0.12750000 -0.06169404
0.13437500 -0.12750000 -0.06232942
0.13437500 -0.12000000 -0.06168908
0.13437500 -0.14250000 -0.06394143
0.11979200 -0.09750000 -0.06155955
0.14166700 -0.09750000 -0.05882776
0.13437500 -0.09750000 -0.05986046
0.13437500 -0.09000000 -0.05951970
0.13437500 -0.11250000 -0.06097004
0.11979200 -0.06750000 -0.06099340
0.14166700 -0.06750000 -0.05677775
0.13437500 -0.06750000 -0.05846025
0.13437500 -0.06000000 -0.05853707
0.13437500 -0.08250000 -0.05902681
0.11979200 -0.03750000 -0.06139753
0.14166700 -0.03750000 -0.05669543
0.13437500 -0.03750000 -0.05874796
0.13437500 -0.03000000 -0.05972656
0.13437500 -0.05250000 -0.05838634
0.11979200 -0.00750000 -0.06217011
0.14166700 -0.00750000 -0.05747930
0.13437500 -0.00750000 -0.05915076
0.13437500 0.00000000 -0.05927334
0.13437500 -0.02250000 -0.05999921
0.11979200 0.02250000 -0.06299166
0.14166700 0.02250000 -0.05709876
0.13437500 0.02250000 -0.05865354
0.13437500 0.03000000 -0.05886519
0.13437500 0.00750000 -0.05888696
0.11979200 0.05250000 -0.06261604
0.14166700 0.05250000 -0.05758623
0.13437500 0.05250000 -0.05892007
0.13437500 0.06000000 -0.05921997
0.13437500 0.03750000 -0.05877639
0.11979200 0.08250000 -0.06238020
0.14166700 0.08250000 -0.05893097
0.13437500 0.08250000 -0.06001373
0.13437500 0.09000000 -0.06047535
0.13437500 0.06750000 -0.05939976
0.11979200 0.11250000 -0.06257588
0.14166700 0.11250000 -0.06099319
0.13437500 0.11250000 -0.06166452
0.13437500 0.12000000 -0.06231486
0.13437500 0.09750000 -0.06080332
0.11979200 0.14250000 -0.06567442
0.14166700 0.14250000 -0.06430563
0.13437500 0.14250000 -0.06492004
0.13437500 0.15000000 -0.06614571
0.13437500 0.12750000 -0.06301264
0.11979200 0.17250000 -0.07163188
0.14166700 0.17250000 -0.07069397
0.13437500 0.17250000 -0.07115161
0.13437500 0.18000000 -0.07361091
0.13437500 0.15750000 -0.06753934
0.12708300 0.19500000 -0.07857795
0.11979200 0.19500000 -0.07735314
0.14166700 0.19500000 -0.07763175
0.13437500 0.19500000 -0.07722341
0.13437500 0.18750000 -0.07664921
0.14895800 -0.18750000 -0.07438779
0.17083300 -0.18750000 -0.07326344
0.16354200 -0.18750000 -0.07369013
0.16354200 -0.18000000 -0.07053047
0.16354200 -0.19500000 -0.07456075
0.14895800 -0.15750000 -0.06523848
0.17083300 -0.15750000 -0.06358364
0.16354200 -0.15750000 -0.06402748
0.16354200 -0.15000000 -0.06257112
0.16354200 -0.17250000 -0.06785394
0.14895800 -0.12750000 -0.06089991
0.17083300 -0.12750000 -0.05815387
0.16354200 -0.12750000 -0.05900261
0.16354200 -0.12000000 -0.05797893
0.16354200 -0.14250000 -0.06120369
0.14895800 -0.09750000 -0.05764229
0.17083300 -0.09750000 -0.05358688
0.16354200 -0.09750000 -0.05489223
0.16354200 -0.09000000 -0.05398311
0.16354200 -0.11250000 -0.05687063
0.14895800 -0.06750000 -0.05493817
0.17083300 -0.06750000 -0.04975049
0.16354200 -0.06750000 -0.05130270
0.16354200 -0.06000000 -0.05111455
0.16354200 -0.08250000 -0.05287715
0.14895800 -0.03750000 -0.05461966
0.17083300 -0.03750000 -0.05035573
0.16354200 -0.03750000 -0.05131255
0.16354200 -0.03000000 -0.05297303
0.16354200 -0.05250000 -0.05062860
0.14895800 -0.00750000 -0.05584825
0.17083300 -0.00750000 -0.05255793
0.16354200 -0.00750000 -0.05326240
0.16354200 0.00000000 -0.05337289
0.16354200 -0.02250000 -0.05358672
0.14895800 0.02250000 -0.05557988
0.17083300 0.02250000 -0.05126791
0.16354200 0.02250000 -0.05259201
0.16354200 0.03000000 -0.05294678
0.16354200 0.00750000 -0.05281282
0.14895800 0.05250000 -0.05624492
0.17083300 0.05250000 -0.05205625
0.16354200 0.05250000 -0.05347182
0.16354200 0.06000000 -0.05397982
0.16354200 0.03750000 -0.05299181
0.14895800 0.08250000 -0.05779828
0.17083300 0.08250000 -0.05408879
0.16354200 0.08250000 -0.05539546
0.16354200 0.09000000 -0.05609078
0.16354200 0.06750000 -0.05435456
0.14895800 0.11250000 -0.06019626
0.17083300 0.11250000 -0.05701200
0.16354200 0.11250000 -0.05819188
0.16354200 0.12000000 -0.05902401
0.16354200 0.09750000 -0.05672205
0.14895800 0.14250000 -0.06358518
0.17083300 0.14250000 -0.06108902
0.16354200 0.14250000 -0.06197085
0.16354200 0.15000000 -0.06329267
0.16354200 0.12750000 -0.05988093
0.14895800 0.17250000 -0.07005820
0.17083300 0.17250000 -0.06808165
0.16354200 0.17250000 -0.06867739
0.16354200 0.18000000 -0.07131929
0.16354200 0.15750000 -0.06477978
0.15625000 0.19500000 -0.07669612
0.14895800 0.19500000 -0.07641227
0.17083300 0.19500000 -0.07572398
0.16354200 0.19500000 -0.07558181
0.16354200 0.18750000 -0.07447444
0.17812500 -0.18750000 -0.07309695
0.20000000 -0.18000000 -0.07000960
0.20000000 -0.18750000 -0.07310470
0.19270800 -0.18750000 -0.07287205
0.19270800 -0.18000000 -0.06965483
0.20000000 -0.21000000 -0.07061468
0.19270800 -0.19500000 -0.07401093
0.20000000 -0.19500000 -0.07494122
0.17812500 -0.15750000 -0.06297460
0.20000000 -0.15000000 -0.06121636
0.20000000 -0.15750000 -0.06298353
0.19270800 -0.15750000 -0.06254529
0.19270800 -0.15000000 -0.06080623
0.19270800 -0.17250000 -0.06686002
0.20000000 -0.17250000 -0.06733212
0.17812500 -0.12750000 -0.05716304
0.20000000 -0.12000000 -0.05516405
0.20000000 -0.12750000 -0.05653699
0.19270800 -0.12750000 -0.05619288
0.19270800 -0.12000000 -0.05481263
0.19270800 -0.14250000 -0.05913973
0.20000000 -0.14250000 -0.05953215
0.17812500 -0.09750000 -0.05214994
0.20000000 -0.09000000 -0.04986085
0.20000000 -0.09750000 -0.05103084
0.19270800 -0.09750000 -0.05071169
0.19270800 -0.09000000 -0.04951133
0.19270800 -0.11250000 -0.05332915
0.20000000 -0.11250000 -0.05362797
0.17812500 -0.06750000 -0.04801537
0.20000000 -0.06000000 -0.04732600
0.20000000 -0.06750000 -0.04727728
0.19270800 -0.06750000 -0.04675885
0.19270800 -0.06000000 -0.04672356
0.19270800 -0.08250000 -0.04809127
0.20000000 -0.08250000 -0.04838304
0.17812500 -0.03750000 -0.04922927
0.20000000 -0.03000000 -0.05692908
0.20000000 -0.03750000 -0.05266170
0.19270800 -0.03750000 -0.05073017
0.19270800 -0.03000000 -0.05644906
0.19270800 -0.05250000 -0.04627221
0.20000000 -0.05250000 -0.04680581
0.17812500 -0.00750000 -0.05179203
0.20000000 0.00000000 -0.05368327
0.20000000 -0.00750000 -0.05669342
0.19270800 -0.00750000 -0.05290006
0.19270800 0.00000000 -0.05148848
0.19270800 -0.02250000 -0.06375216
0.20000000 -0.02250000 -0.06924615
0.17812500 0.02250000 -0.04972278
0.20000000 0.03000000 -0.04866051
0.20000000 0.02250000 -0.04872668
0.19270800 0.02250000 -0.04818099
0.19270800 0.03000000 -0.04810393
0.19270800 0.00750000 -0.04937636
0.20000000 0.00750000 -0.05039263
0.17812500 0.05250000 -0.05040252
0.20000000 0.06000000 -0.04890313
0.20000000 0.05250000 -0.04834059
0.19270800 0.05250000 -0.04819064
0.19270800 0.06000000 -0.04872667
0.19270800 0.03750000 -0.04762952
0.20000000 0.03750000 -0.04787260
0.17812500 0.08250000 -0.05255661
0.20000000 0.09000000 -0.05113865
0.20000000 0.08250000 -0.05032692
0.19270800 0.08250000 -0.05031351
0.19270800 0.09000000 -0.05110378
0.19270800 0.06750000 -0.04900477
0.20000000 0.06750000 -0.04904735
0.17812500 0.11250000 -0.05562161
0.20000000 0.12000000 -0.05440823
0.20000000 0.11250000 -0.05336866
0.19270800 0.11250000 -0.05344558
0.19270800 0.12000000 -0.05448964
0.19270800 0.09750000 -0.05172213
0.20000000 0.09750000 -0.05168287
0.17812500 0.14250000 -0.05995458
0.20000000 0.15000000 -0.05949626
0.20000000 0.14250000 -0.05792183
0.19270800 0.14250000 -0.05804958
0.19270800 0.15000000 -0.05964530
0.19270800 0.12750000 -0.05547159
0.20000000 0.12750000 -0.05535404
0.17812500 0.17250000 -0.06723206
0.20000000 0.18000000 -0.06829434
0.20000000 0.17250000 -0.06555247
0.19270800 0.17250000 -0.06572120
0.19270800 0.18000000 -0.06860641
0.19270800 0.15750000 -0.06131907
0.20000000 0.15750000 -0.06117718
0.18541700 0.19500000 -0.07434227
0.17812500 0.19500000 -0.07454275
0.20000000 0.21000000 -0.06955933
0.20000000 0.19500000 -0.07328876
0.19270800 0.19500000 -0.07322398
0.19270800 0.18750000 -0.07189299
0.20000000 0.18750000 -0.07140667
-0.03333330 -0.16500000 -0.06713929
-0.03333330 -0.13500000 -0.06517575
-0.03333330 -0.10500000 -0.06502343
-0.03333330 -0.07500000 -0.06487748
-0.03333330 -0.04500000 -0.06442480
-0.03333330 -0.01500000 -0.06543924
-0.03333330 0.01500000 -0.06363603
-0.03333330 0.04500000 -0.06471991
-0.03333330 0.07500000 -0.06512911
-0.03333330 0.10500000 -0.06603291
-0.03333330 0.13500000 -0.06689716
-0.03333330 0.16500000 -0.07263899
-0.02604170 -0.16500000 -0.06651231
-0.01875000 -0.16500000 -0.06517845
-0.01875000 -0.17250000 -0.06665901
-0.01875000 -0.18000000 -0.06816227
-0.02604170 -0.13500000 -0.06483976
-0.01875000 -0.13500000 -0.06365062
-0.01875000 -0.14250000 -0.06395730
-0.01875000 -0.15000000 -0.06445674
-0.02604170 -0.10500000 -0.06490775
-0.01875000 -0.10500000 -0.06542353
-0.01875000 -0.11250000 -0.06459803
-0.01875000 -0.12000000 -0.06580832
-0.02604170 -0.07500000 -0.06546271
-0.01875000 -0.07500000 -0.06493177
-0.01875000 -0.08250000 -0.06506040
-0.01875000 -0.09000000 -0.06514969
-0.02604170 -0.04500000 -0.06441641
-0.01875000 -0.04500000 -0.06360529
-0.01875000 -0.05250000 -0.06419303
-0.01875000 -0.06000000 -0.06433491
-0.02604170 -0.01500000 -0.06565197
-0.01875000 -0.01500000 -0.06548608
-0.01875000 -0.02250000 -0.06521849
-0.01875000 -0.03000000 -0.06468000
-0.02604170 0.01500000 -0.06390491
-0.01875000 0.01500000 -0.06512751
-0.01875000 0.00750000 -0.06411730
-0.01875000 0.00000000 -0.06475872
-0.02604170 0.04500000 -0.06506539
-0.01875000 0.04500000 -0.06484525
-0.01875000 0.03750000 -0.06528841
-0.01875000 0.03000000 -0.06570864
-0.02604170 0.07500000 -0.06482210
-0.01875000 0.07500000 -0.06359947
-0.01875000 0.06750000 -0.06399012
-0.01875000 0.06000000 -0.06412670
-0.02604170 0.10500000 -0.06544906
-0.01875000 0.10500000 -0.06390187
-0.01875000 0.09750000 -0.06414086
-0.01875000 0.09000000 -0.06392277
-0.02604170 0.13500000 -0.06538250
-0.01875000 0.13500000 -0.06282064
-0.01875000 0.12750000 -0.06317198
-0.01875000 0.12000000 -0.06302100
-0.02604170 0.16500000 -0.07274520
-0.01875000 0.16500000 -0.07099748
-0.01875000 0.15750000 -0.06903623
-0.01875000 0.15000000 -0.06645162
-0.01875000 0.18750000 -0.07221335
-0.01875000 0.18000000 -0.07205829
-0.00416667 -0.16500000 -0.06532376
0.00312500 -0.16500000 -0.06573896
0.01041670 -0.16500000 -0.06634568
0.01041670 -0.17250000 -0.06747720
0.01041670 -0.18000000 -0.06901108
-0.00416667 -0.13500000 -0.06308525
0.00312500 -0.13500000 -0.06326493
0.01041670 -0.13500000 -0.06354901
0.01041670 -0.14250000 -0.06474591
0.01041670 -0.15000000 -0.06560231
-0.00416667 -0.10500000 -0.06432537
0.00312500 -0.10500000 -0.06412609
0.01041670 -0.10500000 -0.06386182
0.01041670 -0.11250000 -0.06400152
0.01041670 -0.12000000 -0.06392424
-0.00416667 -0.07500000 -0.06460024
0.00312500 -0.07500000 -0.06451308
0.01041670 -0.07500000 -0.06430895
0.01041670 -0.08250000 -0.06472265
0.01041670 -0.09000000 -0.06467571
-0.00416667 -0.04500000 -0.06394891
0.00312500 -0.04500000 -0.06392816
0.01041670 -0.04500000 -0.06386095
0.01041670 -0.05250000 -0.06378765
0.01041670 -0.06000000 -0.06377650
-0.00416667 -0.01500000 -0.06435288
0.00312500 -0.01500000 -0.06391994
0.01041670 -0.01500000 -0.06314609
0.01041670 -0.02250000 -0.06356671
0.01041670 -0.03000000 -0.06416661
-0.00416667 0.01500000 -0.06495226
0.00312500 0.01500000 -0.06484559
0.01041670 0.01500000 -0.06424840
0.01041670 0.00750000 -0.06544437
0.01041670 0.00000000 -0.06596725
-0.00416667 0.04500000 -0.06515824
0.00312500 0.04500000 -0.06486981
0.01041670 0.04500000 -0.06514894
0.01041670 0.03750000 -0.06665909
0.01041670 0.03000000 -0.06053316
-0.00416667 0.07500000 -0.06523054
0.00312500 0.07500000 -0.06534356
0.01041670 0.07500000 -0.06497579
0.01041670 0.06750000 -0.06414707
0.01041670 0.06000000 -0.06347698
-0.00416667 0.10500000 -0.06422100
0.00312500 0.10500000 -0.06489883
0.01041670 0.10500000 -0.06560104
0.01041670 0.09750000 -0.06483713
0.01041670 0.09000000 -0.06537164
-0.00416667 0.13500000 -0.06026636
0.00312500 0.13500000 -0.06027654
0.01041670 0.13500000 -0.06024400
0.01041670 0.12750000 -0.06137324
0.01041670 0.12000000 -0.06247536
-0.00416667 0.16500000 -0.06937926
0.00312500 0.16500000 -0.06893616
0.01041670 0.16500000 -0.06871185
0.01041670 0.15750000 -0.06654306
0.01041670 0.15000000 -0.06418631
0.01041670 0.18750000 -0.07209909
0.01041670 0.18000000 -0.07130093
0.02500000 -0.16500000 -0.06669360
0.03229170 -0.16500000 -0.06694099
0.03958330 -0.16500000 -0.06713058
0.03958330 -0.17250000 -0.06835429
0.03958330 -0.18000000 -0.06994000
0.02500000 -0.13500000 -0.06349862
0.03229170 -0.13500000 -0.06430542
0.03958330 -0.13500000 -0.06630662
0.03958330 -0.14250000 -0.06607801
0.03958330 -0.15000000 -0.06621389
0.02500000 -0.10500000 -0.06348530
0.03229170 -0.10500000 -0.06397102
0.03958330 -0.10500000 -0.06533042
0.03958330 -0.11250000 -0.06755288
0.03958330 -0.12000000 -0.06898483
0.02500000 -0.07500000 -0.06444559
0.03229170 -0.07500000 -0.06440095
0.03958330 -0.07500000 -0.06449820
0.03958330 -0.08250000 -0.06433093
0.03958330 -0.09000000 -0.06406280
0.02500000 -0.04500000 -0.06489076
0.03229170 -0.04500000 -0.06500643
0.03958330 -0.04500000 -0.06500066
0.03958330 -0.05250000 -0.06496040
0.03958330 -0.06000000 -0.06512266
0.02500000 -0.01500000 -0.06191678
0.03229170 -0.01500000 -0.06754660
0.03958330 -0.01500000 -0.06106709
0.03958330 -0.02250000 -0.06567484
0.03958330 -0.03000000 -0.06473967
0.02500000 0.01500000 -0.06393542
0.03229170 0.01500000 -0.06390356
0.03958330 0.01500000 -0.06418007
0.03958330 0.00750000 -0.06347769
0.03958330 0.00000000 -0.06248595
0.02500000 0.04500000 -0.06602892
0.03229170 0.04500000 -0.06629866
0.03958330 0.04500000 -0.06556147
0.03958330 0.03750000 -0.06482525
0.03958330 0.03000000 -0.06435148
0.02500000 0.07500000 -0.06398130
0.03229170 0.07500000 -0.06397295
0.03958330 0.07500000 -0.06187305
0.03958330 0.06750000 -0.06608063
0.03958330 0.06000000 -0.06348560
0.02500000 0.10500000 -0.06585667
0.03229170 0.10500000 -0.06590947
0.03958330 0.10500000 -0.06704525
0.03958330 0.09750000 -0.06499998
0.03958330 0.09000000 -0.06310267
0.02500000 0.13500000 -0.06054907
0.03229170 0.13500000 -0.06299625
0.03958330 0.13500000 -0.06495239
0.03958330 0.12750000 -0.06643789
0.03958330 0.12000000 -0.06789995
0.02500000 0.16500000 -0.06868265
0.03229170 0.16500000 -0.06842481
0.03958330 0.16500000 -0.06807362
0.03958330 0.15750000 -0.06641488
0.03958330 0.15000000 -0.06515107
0.03958330 0.18750000 -0.07389273
0.03958330 0.18000000 -0.07177762
0.05416670 -0.16500000 -0.06721367
0.06145830 -0.16500000 -0.06738441
0.06875000 -0.16500000 -0.06758229
0.06875000 -0.17250000 -0.06875813
0.06875000 -0.18000000 -0.07037415
0.05416670 -0.13500000 -0.06659019
0.06145830 -0.13500000 -0.06628477
0.06875000 -0.13500000 -0.06585573
0.06875000 -0.14250000 -0.06611057
0.06875000 -0.15000000 -0.06640214
0.05416670 -0.10500000 -0.06645954
0.06145830 -0.10500000 -0.06634711
0.06875000 -0.10500000 -0.06675624
0.06875000 -0.11250000 -0.06622344
0.06875000 -0.12000000 -0.06600510
0.05416670 -0.07500000 -0.06370306
0.06145830 -0.07500000 -0.06565140
0.06875000 -0.07500000 -0.07006716
0.06875000 -0.08250000 -0.06977130
0.06875000 -0.09000000 -0.06950213
0.05416670 -0.04500000 -0.06467691
0.06145830 -0.04500000 -0.06456770
0.06875000 -0.04500000 -0.06479950
0.06875000 -0.05250000 -0.06633789
0.06875000 -0.06000000 -0.06823023
0.05416670 -0.01500000 -0.06242235
0.06145830 -0.01500000 -0.06664976
0.06875000 -0.01500000 -0.06459495
0.06875000 -0.02250000 -0.06497548
0.06875000 -0.03000000 -0.06532831
0.05416670 0.01500000 -0.06523296
0.06145830 0.01500000 -0.06569947
0.06875000 0.01500000 -0.06632273
0.06875000 0.00750000 -0.06499306
0.06875000 0.00000000 -0.06380956
0.05416670 0.04500000 -0.06678147
0.06145830 0.04500000 -0.06793540
0.06875000 0.04500000 -0.06937735
0.06875000 0.03750000 -0.06879312
0.06875000 0.03000000 -0.06837144
0.05416670 0.07500000 -0.06473409
0.06145830 0.07500000 -0.06759567
0.06875000 0.07500000 -0.07197684
0.06875000 0.06750000 -0.07132001
0.06875000 0.06000000 -0.07081481
0.05416670 0.10500000 -0.06695865
0.06145830 0.10500000 -0.06825489
0.06875000 0.10500000 -0.06911274
0.06875000 0.09750000 -0.07053037
0.06875000 0.09000000 -0.07174959
0.05416670 0.13500000 -0.06491161
0.06145830 0.13500000 -0.06473457
0.06875000 0.13500000 -0.06438363
0.06875000 0.12750000 -0.06480245
0.06875000 0.12000000 -0.06577311
0.05416670 0.16500000 -0.06797442
0.06145830 0.16500000 -0.06820687
0.06875000 0.16500000 -0.06852910
0.06875000 0.15750000 -0.06717115
0.06875000 0.15000000 -0.06597447
0.06875000 0.18750000 -0.07504616
0.06875000 0.18000000 -0.07239967
0.08333330 -0.16500000 -0.06757389
0.09062500 -0.16500000 -0.06763983
0.09791670 -0.16500000 -0.06759126
0.09791670 -0.17250000 -0.06904324
0.09791670 -0.18000000 -0.07086747
0.08333330 -0.13500000 -0.06507263
0.09062500 -0.13500000 -0.06491266
0.09791670 -0.13500000 -0.06471157
0.09791670 -0.14250000 -0.06520081
0.09791670 -0.15000000 -0.06578764
0.08333330 -0.10500000 -0.06490863
0.09062500 -0.10500000 -0.06443129
0.09791670 -0.10500000 -0.06398377
0.09791670 -0.11250000 -0.06415783
0.09791670 -0.12000000 -0.06430856
0.08333330 -0.07500000 -0.06705389
0.09062500 -0.07500000 -0.06547439
0.09791670 -0.07500000 -0.06402275
0.09791670 -0.08250000 -0.06414334
0.09791670 -0.09000000 -0.06406352
0.08333330 -0.04500000 -0.06460849
0.09062500 -0.04500000 -0.06465138
0.09791670 -0.04500000 -0.06507477
0.09791670 -0.05250000 -0.06493361
0.09791670 -0.06000000 -0.06484484
0.08333330 -0.01500000 -0.06508299
0.09062500 -0.01500000 -0.06443616
0.09791670 -0.01500000 -0.06758896
0.09791670 -0.02250000 -0.06298088
0.09791670 -0.03000000 -0.06831076
0.08333330 0.01500000 -0.06531406
0.09062500 0.01500000 -0.06616442
0.09791670 0.01500000 -0.06961912
0.09791670 0.00750000 -0.06865498
0.09791670 0.00000000 -0.06829783
0.08333330 0.04500000 -0.06854013
0.09062500 0.04500000 -0.06920557
0.09791670 0.04500000 -0.07010258
0.09791670 0.03750000 -0.07068758
0.09791670 0.03000000 -0.07106863
0.08333330 0.07500000 -0.07116024
0.09062500 0.07500000 -0.06950291
0.09791670 0.07500000 -0.06768100
0.09791670 0.06750000 -0.06816592
0.09791670 0.06000000 -0.06858710
0.08333330 0.10500000 -0.06719980
0.09062500 0.10500000 -0.06592349
0.09791670 0.10500000 -0.06481679
0.09791670 0.09750000 -0.06554369
0.09791670 0.09000000 -0.06632916
0.08333330 0.13500000 -0.06436298
0.09062500 0.13500000 -0.06477199
0.09791670 0.13500000 -0.06523025
0.09791670 0.12750000 -0.06500288
0.09791670 0.12000000 -0.06480725
0.08333330 0.16500000 -0.06899498
0.09062500 0.16500000 -0.06928708
0.09791670 0.16500000 -0.06953463
0.09791670 0.15750000 -0.06812322
0.09791670 0.15000000 -0.06691482
0.09791670 0.18750000 -0.07634984
0.09791670 0.18000000 -0.07350359
0.11250000 -0.16500000 -0.06762123
0.11979200 -0.16500000 -0.06776938
0.12708300 -0.16500000 -0.06775527
0.12708300 -0.17250000 -0.06955948
0.12708300 -0.18000000 -0.07173673
0.11250000 -0.13500000 -0.06412436
0.11979200 -0.13500000 -0.06387301
0.12708300 -0.13500000 -0.06351430
0.12708300 -0.14250000 -0.06435644
0.12708300 -0.15000000 -0.06528747
0.11250000 -0.10500000 -0.06257837
0.11979200 -0.10500000 -0.06189131
0.12708300 -0.10500000 -0.06112580
0.12708300 -0.11250000 -0.06171674
0.12708300 -0.12000000 -0.06226985
0.11250000 -0.07500000 -0.06191109
0.11979200 -0.07500000 -0.06096517
0.12708300 -0.07500000 -0.05989880
0.12708300 -0.08250000 -0.06021746
0.12708300 -0.09000000 -0.06048517
0.11250000 -0.04500000 -0.06219460
0.11979200 -0.04500000 -0.06106032
0.12708300 -0.04500000 -0.05991086
0.12708300 -0.05250000 -0.06003423
0.12708300 -0.06000000 -0.06008337
0.11250000 -0.01500000 -0.06412628
0.11979200 -0.01500000 -0.06244594
0.12708300 -0.01500000 -0.06107752
0.12708300 -0.02250000 -0.06186124
0.12708300 -0.03000000 -0.06175942
0.11250000 0.01500000 -0.06513165
0.11979200 0.01500000 -0.06279231
0.12708300 0.01500000 -0.06060820
0.12708300 0.00750000 -0.06088982
0.12708300 0.00000000 -0.06071210
0.11250000 0.04500000 -0.06536904
0.11979200 0.04500000 -0.06291633
0.12708300 0.04500000 -0.06056260
0.12708300 0.03750000 -0.06078909
0.12708300 0.03000000 -0.06076819
0.11250000 0.07500000 -0.06421418
0.11979200 0.07500000 -0.06246179
0.12708300 0.07500000 -0.06084188
0.12708300 0.06750000 -0.06080250
0.12708300 0.06000000 -0.06065076
0.11250000 0.10500000 -0.06298872
0.11979200 0.10500000 -0.06231738
0.12708300 0.10500000 -0.06174879
0.12708300 0.09750000 -0.06162437
0.12708300 0.09000000 -0.06144217
0.11250000 0.13500000 -0.06501852
0.11979200 0.13500000 -0.06473727
0.12708300 0.13500000 -0.06438120
0.12708300 0.12750000 -0.06358516
0.12708300 0.12000000 -0.06287594
0.11250000 0.16500000 -0.06981100
0.11979200 0.16500000 -0.06973588
0.12708300 0.16500000 -0.06951324
0.12708300 0.15750000 -0.06793822
0.12708300 0.15000000 -0.06658541
0.12708300 0.18750000 -0.07681632
0.12708300 0.18000000 -0.07379248
0.14166700 -0.16500000 -0.06719103
0.14895800 -0.16500000 -0.06685901
0.15625000 -0.16500000 -0.06627045
0.15625000 -0.17250000 -0.06835175
0.15625000 -0.18000000 -0.07076790
0.14166700 -0.13500000 -0.06241605
0.14895800 -0.13500000 -0.06178112
0.15625000 -0.13500000 -0.06092882
0.15625000 -0.14250000 -0.06203192
0.15625000 -0.15000000 -0.06321422
0.14166700 -0.10500000 -0.05933210
0.14895800 -0.10500000 -0.05838513
0.15625000 -0.10500000 -0.05715722
0.15625000 -0.11250000 -0.05812804
0.15625000 -0.12000000 -0.05903910
0.14166700 -0.07500000 -0.05703094
0.14895800 -0.07500000 -0.05552216
0.15625000 -0.07500000 -0.05366973
0.15625000 -0.08250000 -0.05467920
0.15625000 -0.09000000 -0.05551878
0.14166700 -0.04500000 -0.05629790
0.14895800 -0.04500000 -0.05436580
0.15625000 -0.04500000 -0.05220051
0.15625000 -0.05250000 -0.05262099
0.15625000 -0.06000000 -0.05282086
0.14166700 -0.01500000 -0.05751696
0.14895800 -0.01500000 -0.05589684
0.15625000 -0.01500000 -0.05426422
0.15625000 -0.02250000 -0.05474198
0.15625000 -0.03000000 -0.05405242
0.14166700 0.01500000 -0.05703642
0.14895800 0.01500000 -0.05562354
0.15625000 0.01500000 -0.05397663
0.15625000 0.00750000 -0.05448964
0.15625000 0.00000000 -0.05450524
0.14166700 0.04500000 -0.05742430
0.14895800 0.04500000 -0.05609153
0.15625000 0.04500000 -0.05457055
0.15625000 0.03750000 -0.05457594
0.15625000 0.03000000 -0.05440870
0.14166700 0.07500000 -0.05853618
0.14895800 0.07500000 -0.05736639
0.15625000 0.07500000 -0.05607517
0.15625000 0.06750000 -0.05576358
0.15625000 0.06000000 -0.05535992
0.14166700 0.10500000 -0.06041116
0.14895800 0.10500000 -0.05955156
0.15625000 0.10500000 -0.05854089
0.15625000 0.09750000 -0.05793338
0.15625000 0.09000000 -0.05731130
0.14166700 0.13500000 -0.06325769
0.14895800 0.13500000 -0.06255206
0.15625000 0.13500000 -0.06170526
0.15625000 0.12750000 -0.06084557
0.15625000 0.12000000 -0.06004393
0.14166700 0.16500000 -0.06870057
0.14895800 0.16500000 -0.06805240
0.15625000 0.16500000 -0.06724024
0.15625000 0.15750000 -0.06556123
0.15625000 0.15000000 -0.06407470
0.15625000 0.18750000 -0.07489473
0.15625000 0.18000000 -0.07182143
0.20000000 -0.22500000 -0.07158975
0.17083300 -0.16500000 -0.06535959
0.17812500 -0.16500000 -0.06493366
0.18541700 -0.16500000 -0.06438177
0.18541700 -0.17250000 -0.06676730
0.18541700 -0.18000000 -0.06935028
0.17083300 -0.13500000 -0.05928690
0.17812500 -0.13500000 -0.05849749
0.18541700 -0.13500000 -0.05762496
0.18541700 -0.14250000 -0.05918102
0.18541700 -0.15000000 -0.06066959
0.17083300 -0.10500000 -0.05462199
0.17812500 -0.10500000 -0.05340832
0.18541700 -0.10500000 -0.05213341
0.18541700 -0.11250000 -0.05361811
0.18541700 -0.12000000 -0.05487605
0.17083300 -0.07500000 -0.05032430
0.17812500 -0.07500000 -0.04885567
0.18541700 -0.07500000 -0.04729405
0.18541700 -0.08250000 -0.04864202
0.18541700 -0.09000000 -0.04970236
0.17083300 -0.04500000 -0.04932583
0.17812500 -0.04500000 -0.04827176
0.18541700 -0.04500000 -0.04690575
0.18541700 -0.05250000 -0.04699624
0.18541700 -0.06000000 -0.04670241
0.17083300 -0.01500000 -0.05306504
0.17812500 -0.01500000 -0.05307162
0.18541700 -0.01500000 -0.05251429
0.18541700 -0.02250000 -0.05496086
0.18541700 -0.03000000 -0.05301784
0.17083300 0.01500000 -0.05128427
0.17812500 0.01500000 -0.05003766
0.18541700 0.01500000 -0.04833028
0.18541700 0.00750000 -0.04966917
0.18541700 0.00000000 -0.05071389
0.17083300 0.04500000 -0.05173411
0.17812500 0.04500000 -0.05015680
0.18541700 0.04500000 -0.04826960
0.18541700 0.03750000 -0.04847801
0.18541700 0.03000000 -0.04836973
0.17083300 0.07500000 -0.05348964
0.17812500 0.07500000 -0.05196246
0.18541700 0.07500000 -0.05020311
0.18541700 0.06750000 -0.04984939
0.18541700 0.06000000 -0.04925689
0.17083300 0.10500000 -0.05622261
0.17812500 0.10500000 -0.05479579
0.18541700 0.10500000 -0.05316104
0.18541700 0.09750000 -0.05250587
0.18541700 0.09000000 -0.05167828
0.17083300 0.13500000 -0.05991833
0.17812500 0.13500000 -0.05871435
0.18541700 0.13500000 -0.05728238
0.18541700 0.12750000 -0.05621065
0.18541700 0.12000000 -0.05507429
0.17083300 0.16500000 -0.06589508
0.17812500 0.16500000 -0.06499583
0.18541700 0.16500000 -0.06384617
0.18541700 0.15750000 -0.06194317
0.18541700 0.15000000 -0.06014673
0.18541700 0.18750000 -0.07226449
0.18541700 0.18000000 -0.06897375
0.20000000 0.22500000 -0.07115538
-0.01875000 -0.18750000 -0.07026477
-0.01875000 -0.15750000 -0.06460817
-0.01145830 -0.16500000 -0.06529155
-0.01875000 -0.12750000 -0.06445139
-0.01145830 -0.13500000 -0.06358980
-0.01875000 -0.09750000 -0.06526070
-0.01145830 -0.10500000 -0.06521534
-0.01875000 -0.06750000 -0.06432068
-0.01145830 -0.07500000 -0.06477967
-0.01875000 -0.03750000 -0.06384295
-0.01145830 -0.04500000 -0.06373828
-0.01875000 -0.00750000 -0.06508794
-0.01145830 -0.01500000 -0.06470651
-0.01875000 0.02250000 -0.06596221
-0.01145830 0.01500000 -0.06500130
-0.01875000 0.05250000 -0.06440674
-0.01145830 0.04500000 -0.06446078
-0.01875000 0.08250000 -0.06399426
-0.01145830 0.07500000 -0.06376152
-0.01875000 0.11250000 -0.06314891
-0.01145830 0.10500000 -0.06365815
-0.01875000 0.14250000 -0.06430595
-0.01145830 0.13500000 -0.06130834
-0.01875000 0.17250000 -0.07198684
-0.01145830 0.16500000 -0.06991676
0.01041670 -0.18750000 -0.07120494
0.01041670 -0.15750000 -0.06566730
0.01770830 -0.16500000 -0.06663993
0.01041670 -0.12750000 -0.06359892
0.01770830 -0.13500000 -0.06388368
0.01041670 -0.09750000 -0.06407570
0.01770830 -0.10500000 -0.06357754
0.01041670 -0.06750000 -0.06398759
0.01770830 -0.07500000 -0.06429103
0.01041670 -0.03750000 -0.06414616
0.01770830 -0.04500000 -0.06512176
0.01041670 -0.00750000 -0.06434950
0.01770830 -0.01500000 -0.06290121
0.01041670 0.02250000 -0.06272041
0.01770830 0.01500000 -0.06398795
0.01041670 0.05250000 -0.06452519
0.01770830 0.04500000 -0.06488369
0.01041670 0.08250000 -0.06509997
0.01770830 0.07500000 -0.06430074
0.01041670 0.11250000 -0.06308436
0.01770830 0.10500000 -0.06512007
0.01041670 0.14250000 -0.06183581
0.01770830 0.13500000 -0.06033806
0.01041670 0.17250000 -0.07042576
0.01770830 0.16500000 -0.06857645
0.03958330 -0.18750000 -0.07217459
0.03958330 -0.15750000 -0.06647903
0.04687500 -0.16500000 -0.06728030
0.03958330 -0.12750000 -0.06696231
0.04687500 -0.13500000 -0.06692598
0.03958330 -0.09750000 -0.06435526
0.04687500 -0.10500000 -0.06667181
0.03958330 -0.06750000 -0.06500656
0.04687500 -0.07500000 -0.06422738
0.03958330 -0.03750000 -0.06505176
0.04687500 -0.04500000 -0.06488816
0.03958330 -0.00750000 -0.06078814
0.04687500 -0.01500000 -0.06247352
0.03958330 0.02250000 -0.06414775
0.04687500 0.01500000 -0.06462999
0.03958330 0.05250000 -0.06584292
0.04687500 0.04500000 -0.06590684
0.03958330 0.08250000 -0.06152604
0.04687500 0.07500000 -0.06267969
0.03958330 0.11250000 -0.06805633
0.04687500 0.10500000 -0.06687721
0.03958330 0.14250000 -0.06436798
0.04687500 0.13500000 -0.06526400
0.03958330 0.17250000 -0.07003243
0.04687500 0.16500000 -0.06787792
0.06875000 -0.18750000 -0.07273500
0.06875000 -0.15750000 -0.06683589
0.07604170 -0.16500000 -0.06765794
0.06875000 -0.12750000 -0.06592645
0.07604170 -0.13500000 -0.06549298
0.06875000 -0.09750000 -0.06775954
0.07604170 -0.10500000 -0.06587864
0.06875000 -0.06750000 -0.06847864
0.07604170 -0.07500000 -0.06907363
0.06875000 -0.03750000 -0.06421626
0.07604170 -0.04500000 -0.06525536
0.06875000 -0.00750000 -0.06345651
0.07604170 -0.01500000 -0.06511260
0.06875000 0.02250000 -0.06749916
0.07604170 0.01500000 -0.06609107
0.06875000 0.05250000 -0.06998557
0.07604170 0.04500000 -0.06994355
0.06875000 0.08250000 -0.07094028
0.07604170 0.07500000 -0.07260716
0.06875000 0.11250000 -0.06750938
0.07604170 0.10500000 -0.06813419
0.06875000 0.14250000 -0.06494986
0.07604170 0.13500000 -0.06442320
0.06875000 0.17250000 -0.07030210
0.07604170 0.16500000 -0.06883276
0.09791670 -0.18750000 -0.07345940
0.09791670 -0.15750000 -0.06659596
0.10520800 -0.16500000 -0.06765226
0.09791670 -0.12750000 -0.06444687
0.10520800 -0.13500000 -0.06445124
0.09791670 -0.09750000 -0.06390926
0.10520800 -0.10500000 -0.06339828
0.09791670 -0.06750000 -0.06441588
0.10520800 -0.07500000 -0.06296867
0.09791670 -0.03750000 -0.06524493
0.10520800 -0.04500000 -0.06378475
0.09791670 -0.00750000 -0.06460551
0.10520800 -0.01500000 -0.06705968
0.09791670 0.02250000 -0.06968527
0.10520800 0.01500000 -0.06826538
0.09791670 0.05250000 -0.06895777
0.10520800 0.04500000 -0.06804183
0.09791670 0.08250000 -0.06714604
0.10520800 0.07500000 -0.06586524
0.09791670 0.11250000 -0.06459650
0.10520800 0.10500000 -0.06397521
0.09791670 0.14250000 -0.06585525
0.10520800 0.13500000 -0.06527444
0.09791670 0.17250000 -0.07136427
0.10520800 0.16500000 -0.06974953
0.12708300 -0.18750000 -0.07454490
0.12708300 -0.15750000 -0.06639242
0.13437500 -0.16500000 -0.06758885
0.12708300 -0.12750000 -0.06284194
0.13437500 -0.13500000 -0.06304464
0.12708300 -0.09750000 -0.06073994
0.13437500 -0.10500000 -0.06030639
0.12708300 -0.06750000 -0.05986253
0.13437500 -0.07500000 -0.05858564
0.12708300 -0.03750000 -0.06035383
0.13437500 -0.04500000 -0.05823918
0.12708300 -0.00750000 -0.06057717
0.13437500 -0.01500000 -0.05934852
0.12708300 0.02250000 -0.06064275
0.13437500 0.01500000 -0.05865959
0.12708300 0.05250000 -0.06060083
0.13437500 0.04500000 -0.05878658
0.12708300 0.08250000 -0.06114071
0.13437500 0.07500000 -0.05962936
0.12708300 0.11250000 -0.06217802
0.13437500 0.10500000 -0.06116695
0.12708300 0.14250000 -0.06539905
0.13437500 0.13500000 -0.06386538
0.12708300 0.17250000 -0.07149208
0.13437500 0.16500000 -0.06919980
0.15625000 -0.18750000 -0.07385081
0.15625000 -0.15750000 -0.06463759
0.16354200 -0.16500000 -0.06579559
0.15625000 -0.12750000 -0.05995953
0.16354200 -0.13500000 -0.06006075
0.15625000 -0.09750000 -0.05629481
0.16354200 -0.10500000 -0.05583979
0.15625000 -0.06750000 -0.05304660
0.16354200 -0.07500000 -0.05189556
0.15625000 -0.03750000 -0.05269167
0.16354200 -0.04500000 -0.05047376
0.15625000 -0.00750000 -0.05428699
0.16354200 -0.01500000 -0.05322337
0.15625000 0.02250000 -0.05403899
0.16354200 0.01500000 -0.05244864
0.15625000 0.05250000 -0.05486448
0.16354200 0.04500000 -0.05309399
0.15625000 0.08250000 -0.05661788
0.16354200 0.07500000 -0.05478009
0.15625000 0.11250000 -0.05925583
0.16354200 0.10500000 -0.05740171
0.15625000 0.14250000 -0.06280177
0.16354200 0.13500000 -0.06085248
0.15625000 0.17250000 -0.06936434
0.16354200 0.16500000 -0.06658789
0.18541700 -0.18750000 -0.07257926
0.18541700 -0.15750000 -0.06247921
0.20000000 -0.16500000 -0.06501942
0.19270800 -0.16500000 -0.06460572
0.18541700 -0.12750000 -0.05628816
0.20000000 -0.13500000 -0.05802747
0.19270800 -0.13500000 -0.05766590
0.18541700 -0.09750000 -0.05093051
0.20000000 -0.10500000 -0.05226952
0.19270800 -0.10500000 -0.05198468
0.18541700 -0.06750000 -0.04674675
0.20000000 -0.07500000 -0.04737703
0.19270800 -0.07500000 -0.04711798
0.18541700 -0.03750000 -0.04859674
0.20000000 -0.04500000 -0.04766310
0.19270800 -0.04500000 -0.04717718
0.18541700 -0.00750000 -0.05108803
0.20000000 -0.01500000 -0.05858196
0.19270800 -0.01500000 -0.05549428
0.18541700 0.02250000 -0.04821286
0.20000000 0.01500000 -0.04897150
0.19270800 0.01500000 -0.04842426
0.18541700 0.05250000 -0.04873474
0.20000000 0.04500000 -0.04788597
0.19270800 0.04500000 -0.04777009
0.18541700 0.08250000 -0.05096487
0.20000000 0.07500000 -0.04962405
0.19270800 0.07500000 -0.04961762
0.18541700 0.11250000 -0.05413712
0.20000000 0.10500000 -0.05250136
0.19270800 0.10500000 -0.05256711
0.18541700 0.14250000 -0.05869831
0.20000000 0.13500000 -0.05658409
0.19270800 0.13500000 -0.05672155
0.18541700 0.17250000 -0.06628531
0.20000000 0.16500000 -0.06320296
0.19270800 0.16500000 -0.06339890
