/*--------------------------------*- C++ -*----------------------------------*\
| =========                 |                                                 |
| \\      /  F ield         | OpenFOAM: The Open Source CFD Toolbox           |
|  \\    /   O peration     | Version:  v2012                                 |
|   \\  /    A nd           | Website:  www.openfoam.com                      |
|    \\/     M anipulation  |                                                 |
\*---------------------------------------------------------------------------*/
FoamFile
{
    version     2.0;
    format      ascii;
    class       cellSet;
    location    "constant/polyMesh/sets";
    object      refCylinder;
}
// * * * * * * * * * * * * * * * * * * * * * * * * * * * * * * * * * * * * * //


15168
(
32768
32769
32770
32771
32772
32775
32779
32782
32786
32790
32791
32808
32809
32810
32811
32812
32813
32814
32815
32816
32817
32818
32819
32820
32821
32824
32828
32831
32834
232
233
234
235
236
237
238
239
256
257
258
259
260
261
262
263
712
713
714
715
716
717
718
719
736
737
738
739
740
741
742
743
760
761
762
763
764
765
766
767
1168
1169
1170
1171
1172
1173
1174
1175
1192
1193
1194
1195
1196
1197
1198
1199
1216
1217
1218
1219
1220
1221
1222
1223
1240
1241
1242
1243
1244
1245
1246
1247
1264
1265
1266
1267
1268
1269
1270
1271
1648
1649
1650
1651
1652
1653
1654
1655
1672
1673
1674
1675
1676
1677
1678
1679
1696
1697
1698
1699
1700
1701
1702
1703
1720
1721
1722
1723
1724
1725
1726
1727
1744
1745
1746
1747
1748
1749
1750
1751
2128
2129
2130
2131
2132
2133
2134
2135
2152
2153
2154
2155
2156
2157
2158
2159
2176
2177
2178
2179
2180
2181
2182
2183
2200
2201
2202
2203
2204
2205
2206
2207
2224
2225
2226
2227
2228
2229
2230
2231
2608
2609
2610
2611
2612
2613
2614
2615
2632
2633
2634
2635
2636
2637
2638
2639
2656
2657
2658
2659
2660
2661
2662
2663
2680
2681
2682
2683
2684
2685
2686
2687
2704
2705
2706
2707
2708
2709
2710
2711
3088
3089
3090
3091
3092
3093
3094
3095
3112
3113
3114
3115
3116
3117
3118
3119
3136
3137
3138
3139
3140
3141
3142
3143
3160
3161
3162
3163
3164
3165
3166
3167
3592
3593
3594
3595
36364
3596
3597
36366
3598
36367
3599
36368
36369
36370
36371
36372
36373
36374
36375
36376
36377
36378
36379
36380
36381
36382
36383
36384
3616
36385
3617
36386
3618
36387
3619
36388
3620
36389
3621
36390
3622
36391
3623
36392
36393
36394
36395
36396
36397
36398
36399
36400
36401
36402
36403
36404
36405
36406
36407
36408
3640
36409
3641
36410
3642
36411
3643
36412
3644
36413
3645
3646
36415
3647
36416
36417
36418
36419
36420
36421
36422
36423
36424
36425
36426
36427
36428
36429
36430
36431
36432
36433
36434
36435
36436
36437
36438
36439
36440
36441
36442
36443
36444
36445
36446
36447
36448
36449
36450
36451
36452
36453
36454
36455
36456
36457
36458
36459
36460
36461
36462
36464
36465
36466
36467
36468
36469
36470
36471
36472
36473
36474
36475
36476
36477
36478
36479
36480
36481
36482
36483
36484
36485
36486
36487
36488
36489
36490
36491
36492
36493
36494
36495
36496
36497
36498
36499
36500
36501
36502
36503
36504
36505
36506
36507
36508
36509
36510
36511
36513
36514
36515
36516
36517
36518
36519
36520
36521
36522
36523
36524
36525
36526
36527
36528
36529
36530
36531
36532
36533
36534
36535
36536
36537
36538
36539
36540
36541
36542
36543
36544
36545
36546
36547
36548
36549
36550
36551
36552
36553
36554
36555
36556
36557
36558
36559
36560
36562
36563
36564
36565
36566
36567
36568
36569
36570
36571
36572
36573
36574
36575
36576
36577
36578
36579
36580
36581
36582
36583
36584
36585
36586
36587
36588
36589
36590
36591
36592
36593
36594
36595
36596
36597
36598
36599
36600
36601
36602
36603
36604
36605
36606
36607
36608
36609
36611
36612
36613
36614
36615
36616
36617
36618
36619
36620
36621
36622
36623
36624
36625
36626
36627
36628
36629
36630
36631
36632
36633
36634
36635
36636
36637
36638
36639
36640
36641
36642
36643
36644
36645
36646
36647
36648
36649
36650
36651
36652
36653
36654
36655
36656
36657
36658
36660
36661
36662
36663
36664
36665
36666
36667
36668
36669
36670
36671
36672
36673
36674
36675
36676
36677
36678
36679
36680
36681
36682
36683
36684
36685
36686
36687
36688
36689
36690
36691
36692
36693
36694
36695
36696
36697
36698
36699
36700
36701
36702
36703
36704
36705
36706
36707
36709
36710
36711
36712
36713
36714
36715
36716
36717
36718
36719
36720
36721
36722
36723
36724
36725
36726
36727
36728
36729
36730
36731
36732
36733
36734
36735
36736
36737
36738
36739
36740
36741
36742
36743
36744
36745
36746
36747
36748
36749
36750
36751
36752
36753
36754
36755
36756
36757
36758
36759
36760
36761
36762
36763
36764
36765
36766
36767
36768
36769
36770
36771
36772
36773
36774
36775
36776
36777
36778
36779
36780
36781
36782
36783
36784
36785
36786
36787
36788
36789
36790
36791
36792
36793
36794
36795
36796
36797
36798
36799
36800
36801
36802
36803
36804
36805
36806
36807
36808
36809
36810
36811
36812
36813
36814
36815
36816
36817
36818
36819
36820
36821
36822
36823
36824
36825
36826
36827
36828
36829
36830
36831
36832
36833
36834
36835
36836
36837
36838
36839
36840
36841
36842
36843
36844
36845
36846
36847
36848
36849
36850
36851
36852
36853
36854
36855
36856
36857
36858
36859
36860
36861
36862
36863
36864
36865
36866
36867
36868
36869
36870
36871
36872
36873
36874
36875
36876
36877
36878
36879
36880
36881
36882
36883
36884
36885
36886
36887
36888
36889
36890
36891
36892
36893
36894
36895
36896
36897
36898
36899
36900
36901
36902
36903
36904
36905
36906
36907
36908
36909
36910
36911
36912
36913
36914
36915
36916
36917
36918
36919
36920
36921
36922
36923
36924
36925
36926
36927
36928
36929
36930
36931
36932
36933
36934
36935
36936
36937
36938
36939
36940
36941
36942
36943
36944
36945
36946
36947
36948
36949
36950
36951
36952
36953
36954
36955
36956
36957
36958
36959
36960
36961
36962
36963
36964
36965
36966
36967
36968
36969
36970
36971
36972
36973
36974
36975
36976
36977
36978
36979
36980
36981
36982
36983
36984
36985
36986
36987
36988
36989
36990
36991
36992
36993
36994
36995
36996
36997
36998
36999
37000
37001
37002
37003
37004
37005
37006
37007
37008
37009
37010
37011
37012
37013
37014
37015
37016
37017
37018
37019
37020
37021
37022
37023
37024
37025
37026
37027
37028
37029
37030
37031
37032
37033
37034
37035
37036
37037
37038
37039
37040
37041
37042
37043
37044
37045
37046
37047
37048
37049
37050
37051
37052
37053
37054
37055
37056
37057
37058
37059
37060
37061
37062
37063
37064
37065
37066
37067
37068
37069
37070
37071
37072
37073
37074
37075
37076
37077
37078
37079
37080
37081
37082
37083
37084
37085
37086
37087
37088
37089
37090
37091
37092
37093
37094
37095
37096
37097
37098
37099
37100
37101
37102
37103
37104
37105
37106
37107
37108
37109
37110
37111
37112
37113
37114
37115
37116
37117
37118
37119
37120
37121
37122
37123
37124
37125
37126
37127
37128
37129
37130
37131
37132
37133
37134
37135
37136
37137
37138
37139
37140
37141
37142
37143
37144
37145
37146
37147
37148
37149
37150
37151
37152
37153
37154
37155
37156
37157
37158
37159
37160
37161
37162
37163
37164
37165
37166
37167
37168
37169
37170
37171
37172
37173
37174
37175
37176
37177
37178
37179
37180
37181
37182
37183
37184
37185
37186
37187
37188
37189
37190
37191
37192
37193
37194
37195
37196
37197
37198
37199
37200
37201
37202
37203
37204
37205
37206
37207
37208
37209
37210
37211
37212
37213
37214
37215
37216
37217
37218
37219
37220
37221
37222
37223
37224
37225
37226
37227
37228
37229
37230
37231
37232
37233
37234
37235
37236
37237
37238
37239
37240
37241
37242
37243
37244
37245
37246
37247
37248
37249
37250
37251
37252
37253
37254
37255
37256
37257
37258
37259
37260
37261
37262
37263
37264
37265
37266
37267
37268
37269
37270
37271
37272
37273
37274
37275
37276
37277
37278
37279
37280
37281
37282
37283
37284
37285
37286
37287
37288
37289
37290
37291
37292
37293
37294
37295
37296
37297
37298
37299
37300
37301
37302
37303
37304
37305
37306
37307
37308
37309
37310
37311
37312
37313
37314
37315
37316
37317
37318
37319
37320
37321
37322
37323
37324
37325
37326
37327
37328
37329
37330
37331
37332
37333
37334
37335
37336
37337
37338
37339
37340
37341
37342
37343
37344
37345
37346
37347
37348
37349
37350
37351
37352
37353
37354
37355
37356
37357
37358
37359
37360
37361
37362
37363
37364
37365
37366
37367
37368
37369
37370
37371
37372
37373
37374
37375
37376
37377
37378
37379
37380
37381
37382
37383
37384
37385
37386
37387
37388
37389
37390
37391
37392
37393
37394
37395
37396
37397
37398
37399
37400
37401
37402
37403
37404
37405
37406
37407
37408
37409
37410
37411
37412
37413
37414
37415
37416
37417
37418
37419
37420
37421
37422
37423
37424
37425
37426
37427
37428
37429
37430
37431
37432
37433
37434
37435
37436
37437
37438
37439
37440
37441
37442
37443
37444
37445
37446
37447
37448
37449
37450
37451
37452
37453
37454
37455
37456
37457
37458
37459
37460
37461
37462
37463
37464
37465
37466
37467
37468
37469
37470
37471
37472
37473
37474
37475
37476
37477
37478
37479
37480
37481
37482
37483
37484
37485
37486
37487
37488
37489
37490
37491
37492
37493
37494
37495
37496
37497
37498
37499
37500
37501
37502
37503
37504
37505
37506
37507
37508
37509
37510
37511
37512
37513
37514
37515
37516
37517
37518
37519
37520
37521
37522
37523
37524
37525
37526
37527
37528
37529
37530
37531
37532
37533
37534
37535
37536
37537
37538
37539
37540
37541
37542
37543
37544
37545
37546
37547
37548
37550
37551
37552
37553
37554
37555
37557
37558
37559
37560
37561
37562
37563
37564
37565
37566
37567
37568
37569
37570
37571
37572
37573
37574
37575
37576
37577
37578
37579
37580
37581
37582
37583
37584
37585
37586
37587
37588
37589
37590
37591
37592
37593
37594
37595
37596
37597
37599
37600
37601
37602
37603
37604
37606
37607
37608
37609
37610
37611
37612
37613
37614
37615
37616
37617
37618
37619
37620
37621
37622
37623
37624
37625
37626
37627
37628
37629
37630
37631
37632
37633
37634
37635
37636
37637
37638
37639
37640
37641
37642
37643
37644
37645
37646
37648
37649
37650
37651
37652
37653
37655
37656
37657
37658
37659
37660
37661
37662
37663
37664
37665
37666
37667
37668
37669
37670
37671
37672
37673
37674
37675
37676
37677
37678
37679
37680
37681
37682
37683
37684
37685
37686
37687
37688
37689
37690
37691
37692
37693
37694
37695
37697
37698
37699
37700
37701
37702
37704
37705
37706
37707
37708
37709
37710
37711
37712
37713
37714
37715
37716
37717
37718
37719
37720
37721
37722
37723
37724
37725
37726
37727
37728
37729
37730
37731
37732
37733
37734
37735
37736
37737
37738
37739
37740
37741
37742
37743
37744
37746
37747
37748
37749
37750
37751
37753
37754
37755
37756
37757
37758
37759
37760
37761
37762
37763
37764
37765
37766
37767
37768
37769
37770
37771
37772
37773
37774
37775
37776
37777
37778
37779
37780
37781
37782
37783
37784
37785
37786
37787
37788
37789
37790
37791
37792
37793
37795
37796
37797
37798
37799
37800
37802
37803
37804
37805
37806
37807
37808
37809
37810
37811
37812
37813
37814
37815
37816
37817
37818
37819
37820
37821
37822
37823
37824
37825
37826
37827
37828
37829
37830
37831
37832
37833
37834
37835
37836
37837
37838
37839
37840
37841
37842
37844
37845
37846
37847
37848
37849
37851
37852
37853
37854
37855
37856
37857
37858
37859
37860
37861
37862
37863
37864
37865
37866
37867
37868
37869
37870
37871
37872
37873
37874
37875
37876
37877
37878
37879
37880
37881
37882
37883
37884
37885
37886
37887
37888
37889
37890
37891
37893
37894
37895
37896
37897
37898
37900
37901
37902
37903
37904
37905
37906
37907
37908
37909
37910
37911
37912
37913
37914
37915
37916
37917
37918
37919
37920
37921
37922
37923
37924
37925
37926
37927
37928
37929
37930
37931
41077
41078
41081
41084
41085
41088
41104
41106
41108
41111
41113
41115
41126
41127
41130
41133
41134
41137
41153
41155
41157
41160
41162
41164
41175
41176
41179
41182
41183
41186
41202
41204
41206
41209
41211
41213
41224
41225
41228
41231
41232
41235
41251
41253
41255
41258
41260
41262
41273
41274
41277
41280
41281
41284
41300
41302
41304
41307
41309
41311
41322
41323
41326
41329
41330
41333
41349
41351
41353
41356
41358
41360
41371
41372
41375
41378
41379
41382
41398
41400
41402
41405
41407
41409
41420
41421
41424
41427
41428
41430
41447
41449
41451
41454
41456
41457
41460
41461
41462
41463
41464
41465
41466
41467
41468
41469
41470
41471
41472
41473
41474
41475
41476
41477
41478
41479
41480
41481
41482
41483
41484
41485
41486
41487
41488
41489
41490
41491
41492
41493
41494
41495
41496
41497
41498
41499
41500
41501
41502
41503
41504
41505
41506
41507
41508
41509
41510
41511
41512
41513
41514
41515
41516
41517
41518
41519
41520
41521
41522
41523
41524
41525
41526
41527
41528
41529
41530
41531
41532
41533
41534
41535
41536
41537
41538
41539
41540
41541
41542
41543
41544
41545
41546
41547
41548
41549
41550
41551
41552
41553
41554
41555
41556
41557
41558
41559
41560
41561
41562
41563
41564
41565
41566
41567
41568
41569
41570
41571
41572
41573
41574
41575
41576
41577
41578
41579
41580
41581
41582
41583
41584
41585
41586
41587
41588
41589
41590
41591
41592
41593
41594
41595
41596
41597
41598
41599
41600
41601
41602
41603
41604
41605
41606
41607
41608
41609
41610
41611
41612
41613
41614
41615
41616
41617
41618
41619
41620
41621
41622
41623
41624
41625
41626
41627
41628
41629
41630
41631
41632
41633
41634
41635
41636
41637
41638
41639
41640
41641
41642
41643
41644
41645
41646
41647
41648
41649
41650
41651
41652
41653
41654
41655
41656
41657
41658
41659
41660
41661
41662
41663
41664
41665
41666
41667
41668
41669
41670
41671
41672
41673
41674
41675
41676
41677
41678
41679
41680
41681
41682
41683
41684
41685
41686
41687
41688
41689
41690
41691
41692
41693
41694
41695
41696
41697
41698
41699
41700
41701
41702
41703
41704
41705
41706
41707
41708
41709
41710
41711
41712
41713
41714
41715
41716
41717
41718
41719
41720
41721
41722
41723
41724
41725
41726
41727
41728
41729
41730
41731
41732
41733
41734
41735
41736
41737
41738
41739
41740
41741
41742
41743
41744
41745
41746
41747
41748
41749
41750
41751
41752
41753
41754
41755
41756
41757
41758
41759
41760
41761
41762
41763
41764
41765
41766
41767
41768
41769
41770
41771
41772
41773
41774
41775
41776
41777
41778
41779
41780
41781
41782
41783
41784
41785
41786
41787
41788
41789
41790
41791
41792
41793
41794
41795
41796
41797
41798
41799
41800
41801
41802
41803
41804
41805
41806
41807
41808
41809
41810
41811
41812
41813
41814
41815
41816
41817
41818
41819
41820
41821
41822
41823
41824
41825
41826
41827
41828
41829
41830
41831
41832
41833
41834
41835
41836
41837
41838
41839
41840
41841
41842
41843
41844
41845
41846
41847
41848
41849
41850
41851
41852
41853
41854
41855
41856
41857
41858
41859
41860
41861
41862
41863
41864
41865
41866
41867
41868
41869
41870
41871
41872
41873
41874
41875
41876
41877
41878
41879
41880
41881
41882
41883
41884
41885
41886
41887
41888
41889
41890
41891
41892
41893
41894
41895
41896
41897
41898
41899
41900
41901
41902
41903
41904
41905
41906
41907
41908
41909
41910
41911
41912
41913
41914
41915
41916
41917
41918
41919
41920
41921
41922
41923
41924
41925
41926
41927
41928
41929
41930
41931
41932
41933
41934
41935
41936
41937
41938
41939
41940
41941
41942
41943
41944
41945
41946
41947
41948
41949
41950
41951
41952
41953
41954
41955
41956
41957
41958
41959
41960
41961
41962
41963
41964
41965
41966
41967
41968
41969
41970
41971
41972
41973
41974
41975
41976
41977
41978
41979
41980
41981
41982
41983
41984
41985
41986
41987
41988
41989
41990
41991
41992
41993
41994
41995
41996
41997
41998
41999
42000
42001
42002
42003
42004
42005
42006
42007
42008
42009
42010
42011
42012
42013
42014
42015
42016
42017
42018
42019
42020
42021
42022
42023
42024
42025
42026
42027
42028
42029
42030
42031
42032
42033
42034
42035
42036
42037
42038
42039
42040
42041
42042
42043
42044
42045
42046
42047
42048
42049
42050
42051
42052
42053
42054
42055
42056
42057
42058
42059
42060
42061
42062
42063
42064
42065
42066
42067
42068
42069
42070
42071
42072
42073
42074
42075
42076
42077
42078
42079
42080
42081
42082
42083
42084
42085
42086
42087
42088
42089
42090
42091
42092
42093
42094
42095
42096
42097
42098
42099
42100
42101
42102
42103
42104
42105
42106
42107
42108
42109
42110
42111
42112
42113
42114
42115
42116
42117
42118
42119
42120
42121
42122
42123
42124
42125
42126
42127
42128
42129
42130
42131
42132
42133
42134
42135
42136
42137
42138
42139
42140
42141
42142
42143
42144
42145
42146
42147
42148
42149
42150
42151
42152
42153
42154
42155
42156
42157
42158
42159
42160
42161
42162
42163
42164
42165
42166
42167
42168
42169
42170
42171
42172
42173
42174
42175
42176
42177
42178
42179
42180
42181
42182
42183
42184
42185
42186
42187
42188
42189
42190
42191
42192
42193
42194
42195
42196
42197
42198
42199
42200
42201
42202
42203
42204
42205
42206
42207
42208
42209
42210
42211
42212
42213
42214
42215
42216
42217
42218
42219
42220
42221
42222
42223
42224
42225
42226
42227
42228
42229
42230
42231
42232
42233
42234
42235
42236
42237
42238
42239
42240
42241
42242
42243
42244
42245
42246
42247
42248
42249
42250
42251
42252
42253
42254
42255
42256
42257
42258
42259
42260
42261
42262
42263
42264
42265
42266
42267
42268
42269
42270
42271
42272
42273
42274
42275
42276
42277
42278
42279
42280
42281
42282
42283
42284
42285
42286
42287
42288
42289
42290
42291
42292
42293
42294
42295
42296
42297
42298
42299
42300
42301
42302
42303
42304
42305
42306
42307
42308
42309
42310
42311
42312
42313
42314
42315
42316
42317
42318
42319
42320
42321
42322
42323
42324
42325
42326
42327
42328
42329
42330
42331
42332
42333
42334
42335
42336
42337
42338
42339
42340
42341
42342
42343
42344
42345
42346
42347
42348
42349
42350
42351
42352
42353
42354
42355
42356
42357
42358
42359
42360
42361
42362
42363
42364
42365
42366
42367
42368
42369
42370
42371
42372
42373
42374
42375
42376
42377
42378
42379
42380
42381
42382
42383
42384
42385
42386
42387
42388
42389
42390
42391
42392
42393
42394
42395
42396
42397
42398
42399
42400
42401
42402
42403
42404
42405
42406
42407
42408
42409
42410
42411
42412
42413
42414
42415
42416
42417
42418
42419
42420
42421
42422
42423
42424
42425
42426
42427
42428
42429
42430
42431
42432
42433
42434
42435
42436
42437
42438
42439
42440
42441
42442
42443
42444
42445
42446
42447
42448
42449
42450
42451
42452
42453
42454
42455
42456
42457
42458
42459
42460
42461
42462
42463
42464
42465
42466
42467
42468
42469
42470
42471
42472
42473
42474
42475
42476
42477
42478
42479
42480
42481
42482
42483
42484
42485
42486
42487
42488
42489
42490
42491
42492
42493
42494
42495
42496
42497
42498
42499
42500
42501
42502
42503
42504
42505
42506
42507
42508
42509
42510
42511
42512
42513
42514
42515
42516
42517
42518
42519
42520
42521
42522
42523
42524
42525
42526
42527
42528
42529
42530
42531
42532
42533
42534
42535
42536
42537
42538
42539
42540
42541
42542
42543
42544
42545
42546
42547
42548
42549
42550
42551
42552
42553
42554
42555
42556
42557
42558
42559
42560
42561
42562
42563
42564
42565
42566
42567
42568
42569
42570
42571
42572
42573
42574
42575
42576
42577
42578
42579
42580
42581
42582
42583
42584
42585
42586
42587
42588
42589
42590
42591
42592
42593
42594
42595
42596
42597
42598
42599
42600
42601
42602
42603
42604
42605
42606
42607
42608
42609
42610
42611
42612
42613
42614
42615
42616
42617
42618
42619
42620
42621
42622
42623
42624
42625
42626
42627
42628
42629
42630
42631
42632
42633
42634
42635
42636
42637
42638
42639
42640
42641
42642
42643
42644
42645
42646
42647
42648
42649
42650
42651
42652
42653
42654
42655
42656
42657
42658
42659
42660
42661
42662
42663
42664
42665
42666
42667
42668
42669
42670
42671
42672
42673
42674
42675
42676
42677
42678
42679
42680
42681
42682
42683
42684
42685
42686
42687
42688
42689
42690
42691
42692
42693
42694
42695
42696
42697
42698
42699
42700
42701
42702
42703
42704
42705
42706
42707
42708
42709
42710
42711
42712
42713
42714
42715
42716
42717
42718
42719
42720
42721
42722
42723
42724
42725
42726
42727
42728
42729
42730
42731
42732
42733
42734
42735
42736
42737
42738
42739
42740
42741
42742
42743
42744
42745
42746
42747
42748
42749
42750
42751
42752
42753
42754
42755
42756
42757
42758
42759
42760
42761
42762
42763
42764
42765
42766
42767
42768
42769
42770
42771
42772
42773
42774
42775
42776
42777
42778
42779
42780
42781
42782
42783
42784
42785
42786
42787
42788
42789
42790
42791
42792
42793
42794
42795
42796
42797
42798
42799
42800
42801
42802
42803
42804
42805
42806
42807
42808
42809
42810
42811
42812
42813
42814
42815
42816
42817
42818
42819
42820
42821
42822
42823
42824
42825
42826
42827
42828
42829
42830
42831
42832
42833
42834
42835
42836
42837
42838
42839
42840
42841
42842
42843
42844
42845
42846
42847
42848
42849
42850
42851
42852
42853
42854
42855
42856
42857
42858
42859
42860
42861
42862
42863
42864
42865
42866
42867
42868
42869
42870
42871
42872
42873
42874
42875
42876
42877
42878
42879
42880
42881
42882
42883
42884
42885
42886
42887
42888
42889
42890
42891
42892
42893
42894
42895
42896
42897
42898
42899
42900
42901
42902
42903
42904
42905
42906
42907
42908
42909
42910
42911
42912
42913
42914
42915
42916
42917
42918
42919
42920
42921
42922
42923
42924
42925
42926
42927
42928
42929
42930
42931
42932
42933
42934
42935
42936
42937
42938
42939
42940
42941
42942
42943
42944
42945
42946
42947
42948
42949
42950
42951
42952
42953
42954
42955
42956
42957
42958
42959
42960
42961
42962
42963
42964
42965
42966
42967
42968
42969
42970
42971
42972
42973
42974
42975
42976
42977
42978
42979
42980
42981
42982
42983
42984
42985
42986
42987
42988
42989
42990
42991
42992
42993
42994
42995
42996
42997
42998
42999
43000
43001
43002
43003
43004
43005
43006
43007
43008
43009
43010
43011
43012
43013
43014
43015
43016
43017
43018
43019
43020
43021
43022
43023
43024
43025
43026
43027
43029
43031
43033
43050
43051
43053
43057
43058
43060
43078
43080
43082
43099
43100
43102
43106
43107
43109
43127
43129
43131
43148
43149
43151
43155
43156
43158
43176
43178
43180
43197
43198
43200
43204
43205
43207
43225
43227
43229
43246
43247
43249
43253
43254
43256
43274
43276
43278
43295
43296
43298
43302
43303
43305
43323
43325
43327
43344
43345
43347
43351
43352
43354
43372
43374
43376
43393
43394
43396
43400
43401
43403
46173
46174
46177
46180
46181
46184
46200
46202
46204
46207
46209
46211
46222
46223
46226
46229
46230
46233
46249
46251
46253
46256
46258
46260
46271
46272
46275
46278
46279
46282
46298
46300
46302
46305
46307
46309
46320
46321
46324
46327
46328
46331
46347
46349
46351
46354
46356
46358
46369
46370
46373
46376
46377
46380
46396
46398
46400
46403
46405
46407
46418
46419
46422
46425
46426
46429
46445
46447
46449
46452
46454
46456
46467
46468
46471
46474
46475
46478
46494
46496
46498
46501
46503
46505
46516
46517
46520
46523
46524
46526
46543
46545
46547
46550
46552
46553
46556
46557
46558
46559
46560
46561
46562
46563
46564
46565
46566
46567
46568
46569
46570
46571
46572
46573
46574
46575
46576
46577
46578
46579
46580
46581
46582
46583
46584
46585
46586
46587
46588
46589
46590
46591
46592
46593
46594
46595
46596
46597
46598
46599
46600
46601
46602
46603
46604
46605
46606
46607
46608
46609
46610
46611
46612
46613
46614
46615
46616
46617
46618
46619
46620
46621
46622
46623
46624
46625
46626
46627
46628
46629
46630
46631
46632
46633
46634
46635
46636
46637
46638
46639
46640
46641
46642
46643
46644
46645
46646
46647
46648
46649
46650
46651
46652
46653
46654
46655
46656
46657
46658
46659
46660
46661
46662
46663
46664
46665
46666
46667
46668
46669
46670
46671
46672
46673
46674
46675
46676
46677
46678
46679
46680
46681
46682
46683
46684
46685
46686
46687
46688
46689
46690
46691
46692
46693
46694
46695
46696
46697
46698
46699
46700
46701
46702
46703
46704
46705
46706
46707
46708
46709
46710
46711
46712
46713
46714
46715
46716
46717
46718
46719
46720
46721
46722
46723
46724
46725
46726
46727
46728
46729
46730
46731
46732
46733
46734
46735
46736
46737
46738
46739
46740
46741
46742
46743
46744
46745
46746
46747
46748
46749
46750
46751
46752
46753
46754
46755
46756
46757
46758
46759
46760
46761
46762
46763
46764
46765
46766
46767
46768
46769
46770
46771
46772
46773
46774
46775
46776
46777
46778
46779
46780
46781
46782
46783
46784
46785
46786
46787
46788
46789
46790
46791
46792
46793
46794
46795
46796
46797
46798
46799
46800
46801
46802
46803
46804
46805
46806
46807
46808
46809
46810
46811
46812
46813
46814
46815
46816
46817
46818
46819
46820
46821
46822
46823
46824
46825
46826
46827
46828
46829
46830
46831
46832
46833
46834
46835
46836
46837
46838
46839
46840
46841
46842
46843
46844
46845
46846
46847
46848
46849
46850
46851
46852
46853
46854
46855
46856
46857
46858
46859
46860
46861
46862
46863
46864
46865
46866
46867
46868
46869
46870
46871
46872
46873
46874
46875
46876
46877
46878
46879
46880
46881
46882
46883
46884
46885
46886
46887
46888
46889
46890
46891
46892
46893
46894
46895
46896
46897
46898
46899
46900
46901
46902
46903
46904
46905
46906
46907
46908
46909
46910
46911
46912
46913
46914
46915
46916
46917
46918
46919
46920
46921
46922
46923
46924
46925
46926
46927
46928
46929
46930
46931
46932
46933
46934
46935
46936
46937
46938
46939
46940
46941
46942
46943
46944
46945
46946
46947
46948
46949
46950
46951
46952
46953
46954
46955
46956
46957
46958
46959
46960
46961
46962
46963
46964
46965
46966
46967
46968
46969
46970
46971
46972
46973
46974
46975
46976
46977
46978
46979
46980
46981
46982
46983
46984
46985
46986
46987
46988
46989
46990
46991
46992
46993
46994
46995
46996
46997
46998
46999
47000
47001
47002
47003
47004
47005
47006
47007
47008
47009
47010
47011
47012
47013
47014
47015
47016
47017
47018
47019
47020
47021
47022
47023
47024
47025
47026
47027
47028
47029
47030
47031
47032
47033
47034
47035
47036
47037
47038
47039
47040
47041
47042
47043
47044
47045
47046
47047
47048
47049
47050
47051
47052
47053
47054
47055
47056
47057
47058
47059
47060
47061
47062
47063
47064
47065
47066
47067
47068
47069
47070
47071
47072
47073
47074
47075
47076
47077
47078
47079
47080
47081
47082
47083
47084
47085
47086
47087
47088
47089
47090
47091
47092
47093
47094
47095
47096
47097
47098
47099
47100
47101
47102
47103
47104
47105
47106
47107
47108
47109
47110
47111
47112
47113
47114
47115
47116
47117
47118
47119
47120
47121
47122
47123
47124
47125
47126
47127
47128
47129
47130
47131
47132
47133
47134
47135
47136
47137
47138
47139
47140
47141
47142
47143
47144
47145
47146
47147
47148
47149
47150
47151
47152
47153
47154
47155
47156
47157
47158
47159
47160
47161
47162
47163
47164
47165
47166
47167
47168
47169
47170
47171
47172
47173
47174
47175
47176
47177
47178
47179
47180
47181
47182
47183
47184
47185
47186
47187
47188
47189
47190
47191
47192
47193
47194
47195
47196
47197
47198
47199
47200
47201
47202
47203
47204
47205
47206
47207
47208
47209
47210
47211
47212
47213
47214
47215
47216
47217
47218
47219
47220
47221
47222
47223
47224
47225
47226
47227
47228
47229
47230
47231
47232
47233
47234
47235
47236
47237
47238
47239
47240
47241
47242
47243
47244
47245
47246
47247
47248
47249
47250
47251
47252
47253
47254
47255
47256
47257
47258
47259
47260
47261
47262
47263
47264
47265
47266
47267
47268
47269
47270
47271
47272
47273
47274
47275
47276
47277
47278
47279
47280
47281
47282
47283
47284
47285
47286
47287
47288
47289
47290
47291
47292
47293
47294
47295
47296
47297
47298
47299
47300
47301
47302
47303
47304
47305
47306
47307
47308
47309
47310
47311
47312
47313
47314
47315
47316
47317
47318
47319
47320
47321
47322
47323
47324
47325
47326
47327
47328
47329
47330
47331
47332
47333
47334
47335
47336
47337
47338
47339
47340
47341
47342
47343
47344
47345
47346
47347
47348
47349
47350
47351
47352
47353
47354
47355
47356
47357
47358
47359
47360
47361
47362
47363
47364
47365
47366
47367
47368
47369
47370
47371
47372
47373
47374
47375
47376
47377
47378
47379
47380
47381
47382
47383
47384
47385
47386
47387
47388
47389
47390
47391
47392
47393
47394
47395
47396
47397
47398
47399
47400
47401
47402
47403
47404
47405
47406
47407
47408
47409
47410
47411
47412
47413
47414
47415
47416
47417
47418
47419
47420
47421
47422
47423
47424
47425
47426
47427
47428
47429
47430
47431
47432
47433
47434
47435
47436
47437
47438
47439
47440
47441
47442
47443
47444
47445
47446
47447
47448
47449
47450
47451
47452
47453
47454
47455
47456
47457
47458
47459
47460
47461
47462
47463
47464
47465
47466
47467
47468
47469
47470
47471
47472
47473
47474
47475
47476
47477
47478
47479
47480
47481
47482
47483
47484
47485
47486
47487
47488
47489
47490
47491
47492
47493
47494
47495
47496
47497
47498
47499
47500
47501
47502
47503
47504
47505
47506
47507
47508
47509
47510
47511
47512
47513
47514
47515
47516
47517
47518
47519
47520
47521
47522
47523
47524
47525
47526
47527
47528
47529
47530
47531
47532
47533
47534
47535
47536
47537
47538
47539
47540
47541
47542
47543
47544
47545
47546
47547
47548
47549
47550
47551
47552
47553
47554
47555
47556
47557
47558
47559
47560
47561
47562
47563
47564
47565
47566
47567
47568
47569
47570
47571
47572
47573
47574
47575
47576
47577
47578
47579
47580
47581
47582
47583
47584
47585
47586
47587
47588
47589
47590
47591
47592
47593
47594
47595
47596
47597
47598
47599
47600
47601
47602
47603
47604
47605
47606
47607
47608
47609
47610
47611
47612
47613
47614
47615
47616
47617
47618
47619
47620
47621
47622
47623
47624
47625
47626
47627
47628
47629
47630
47631
47632
47633
47634
47635
47636
47637
47638
47639
47640
47641
47642
47643
47644
47645
47646
47647
47648
47649
47650
47651
47652
47653
47654
47655
47656
47657
47658
47659
47660
47661
47662
47663
47664
47665
47666
47667
47668
47669
47670
47671
47672
47673
47674
47675
47676
47677
47678
47679
47680
47681
47682
47683
47684
47685
47686
47687
47688
47689
47690
47691
47692
47693
47694
47695
47696
47697
47698
47699
47700
47701
47702
47703
47704
47705
47706
47707
47708
47709
47710
47711
47712
47713
47714
47715
47716
47717
47718
47719
47720
47721
47722
47723
47724
47725
47726
47727
47728
47729
47730
47731
47732
47733
47734
47735
47736
47737
47738
47739
47740
47741
47742
47743
47744
47745
47746
47747
47748
47749
47750
47751
47752
47753
47754
47755
47756
47757
47758
47759
47760
47761
47762
47763
47764
47765
47766
47767
47768
47769
47770
47771
47772
47773
47774
47775
47776
47777
47778
47779
47780
47781
47782
47783
47784
47785
47786
47787
47788
47789
47790
47791
47792
47793
47794
47795
47796
47797
47798
47799
47800
47801
47802
47803
47804
47805
47806
47807
47808
47809
47810
47811
47812
47813
47814
47815
47816
47817
47818
47819
47820
47821
47822
47823
47824
47825
47826
47827
47828
47829
47830
47831
47832
47833
47834
47835
47836
47837
47838
47839
47840
47841
47842
47843
47844
47845
47846
47847
47848
47849
47850
47851
47852
47853
47854
47855
47856
47857
47858
47859
47860
47861
47862
47863
47864
47865
47866
47867
47868
47869
47870
47871
47872
47873
47874
47875
47876
47877
47878
47879
47880
47881
47882
47883
47884
47885
47886
47887
47888
47889
47890
47891
47892
47893
47894
47895
47896
47897
47898
47899
47900
47901
47902
47903
47904
47905
47906
47907
47908
47909
47910
47911
47912
47913
47914
47915
47916
47917
47918
47919
47920
47921
47922
47923
47924
47925
47926
47927
47928
47929
47930
47931
47932
47933
47934
47935
47936
47937
47938
47939
47940
47941
47942
47943
47944
47945
47946
47947
47948
47949
47950
47951
47952
47953
47954
47955
47956
47957
47958
47959
47960
47961
47962
47963
47964
47965
47966
47967
47968
47969
47970
47971
47972
47973
47974
47975
47976
47977
47978
47979
47980
47981
47982
47983
47984
47985
47986
47987
47988
47989
47990
47991
47992
47993
47994
47995
47996
47997
47998
47999
48000
48001
48002
48003
48004
48005
48006
48007
48008
48009
48010
48011
48012
48013
48014
48015
48016
48017
48018
48019
48020
48021
48022
48023
48024
48025
48026
48027
48028
48029
48030
48031
48032
48033
48034
48035
48036
48037
48038
48039
48040
48041
48042
48043
48044
48045
48046
48047
48048
48049
48050
48051
48052
48053
48054
48055
48056
48057
48058
48059
48060
48061
48062
48063
48064
48065
48066
48067
48068
48069
48070
48071
48072
48073
48074
48075
48076
48077
48078
48079
48080
48081
48082
48083
48084
48085
48086
48087
48088
48089
48090
48091
48092
48093
48094
48095
48096
48097
48098
48099
48100
48101
48102
48103
48104
48105
48106
48107
48108
48109
48110
48111
48112
48113
48114
48115
48116
48117
48118
48119
48120
48121
48122
48123
48125
48127
48129
48146
48147
48149
48153
48154
48156
48174
48176
48178
48195
48196
48198
48202
48203
48205
48223
48225
48227
48244
48245
48247
48251
48252
48254
48272
48274
48276
48293
48294
48296
48300
48301
48303
48321
48323
48325
48342
48343
48345
48349
48350
48352
48370
48372
48374
48391
48392
48394
48398
48399
48401
48419
48421
48423
48440
48441
48443
48447
48448
48450
48468
48470
48472
48489
48490
48492
48496
48497
48499
16125
16126
16132
16133
16139
16140
16146
16147
16153
16154
16160
16161
16167
16168
16174
16175
16176
16177
16178
16179
16180
16181
16182
16183
16184
16185
16186
16187
16188
16189
16190
16191
16192
16193
16194
16195
16196
16197
16198
16199
16200
16201
16202
16203
16204
16205
16206
16207
16208
16209
16210
16211
16212
16213
16214
16215
16216
16217
16218
16219
16220
16221
16222
16223
16224
16225
16226
16227
16228
16229
16230
16231
16232
16233
16234
16235
16236
16237
16238
16239
16240
16241
16242
16243
16244
16245
16246
16247
16248
16249
16250
16251
16252
16253
16254
16255
16256
16257
16258
16259
16260
16261
16262
16263
16264
16265
16266
16267
16268
16269
16270
16271
16272
16273
16274
16275
16276
16277
16278
16279
16280
16281
16282
16283
16284
16285
16286
16287
16291
16292
16298
16299
16305
16306
16312
16313
16319
16320
16326
16327
16333
16334
16340
16341
16905
16906
16907
16908
16909
16910
16912
16913
16914
16915
16916
16917
16919
16920
16921
16922
16923
16924
16926
16927
16928
16929
16930
16931
16933
16934
16935
16936
16937
16938
16940
16941
16942
16943
16944
16945
16947
16948
16949
16950
16951
16952
16954
16955
16956
16957
16958
16959
16960
16961
16962
16963
16964
16965
16966
16967
16968
16969
16970
16971
16972
16973
16974
16975
16976
16977
16978
16979
16980
16981
16982
16983
16984
16985
16986
16987
16988
16989
16990
16991
16992
16993
16994
16995
16996
16997
16998
16999
17000
17001
17002
17003
17004
17005
17006
17007
17008
17009
17010
17011
17012
17013
17014
17015
17016
17017
17018
17019
17020
17021
17022
17023
17024
17025
17026
17027
17028
17029
17030
17031
17032
17033
17034
17035
17036
17037
17038
17039
17040
17041
17042
17043
17044
17045
17046
17047
17048
17049
17050
17051
17052
17053
17054
17055
17056
17057
17058
17059
17060
17061
17062
17063
17064
17065
17066
17067
17068
17069
17070
17071
17072
17075
17076
17077
17078
17079
17082
17083
17084
17085
17086
17089
17090
17091
17092
17093
17096
17097
17098
17099
17100
49869
49870
17103
17104
49873
17105
17106
17107
49876
49877
17110
17111
49880
17112
17113
17114
17117
17118
17119
17120
17121
17124
17125
17126
17127
49896
49898
49900
49903
49905
49907
49918
49919
49922
49925
49926
49929
49945
49947
49949
49952
49954
49956
49967
49968
49971
49974
49975
49978
49994
49996
49998
50001
50003
50005
50016
50017
50020
50023
50024
50027
50043
50045
50047
50050
50052
50054
50065
50066
50069
50072
50073
50076
50092
50094
50096
50099
50101
50103
50114
50115
50118
50121
50122
50125
50141
50143
50145
50148
50150
50152
50163
50164
50167
50170
50171
50174
50190
50192
50194
50197
50199
50201
50212
50213
50216
50219
50220
50222
50239
50241
50243
50246
50248
50249
50252
50253
50254
50255
50256
50257
50258
50259
50260
50261
50262
50263
50264
50265
50266
50267
50268
50269
50270
50271
50272
50273
50274
50275
50276
50277
50278
50279
50280
50281
50282
50283
50284
50285
50286
50287
50288
50289
50290
50291
50292
50293
50294
50295
50296
50297
50298
50299
50300
50301
50302
50303
50304
50305
50306
50307
50308
50309
50310
50311
50312
50313
50314
50315
50316
50317
50318
50319
50320
50321
50322
50323
50324
50325
50326
50327
50328
50329
50330
50331
50332
50333
50334
50335
50336
50337
50338
50339
50340
50341
50342
50343
50344
50345
50346
50347
50348
50349
50350
50351
50352
50353
50354
50355
50356
50357
50358
50359
50360
50361
50362
50363
50364
50365
50366
50367
50368
50369
50370
50371
50372
50373
50374
50375
50376
50377
50378
50379
50380
50381
50382
50383
50384
50385
50386
50387
50388
50389
50390
50391
50392
50393
50394
50395
50396
50397
50398
50399
50400
50401
17633
50402
17634
50403
50404
50405
17637
50406
17638
50407
50408
17640
50409
17641
50410
50411
50412
17644
50413
17645
50414
50415
17647
50416
17648
50417
50418
50419
17651
50420
17652
50421
50422
17654
50423
17655
50424
50425
50426
17658
50427
17659
50428
50429
17661
50430
17662
50431
50432
50433
17665
50434
17666
50435
50436
17668
50437
17669
50438
50439
50440
17672
50441
17673
50442
50443
17675
50444
17676
50445
50446
50447
17679
50448
17680
50449
50450
17682
50451
17683
50452
50453
50454
17686
50455
17687
50456
17688
50457
17689
50458
17690
50459
17691
50460
17692
50461
17693
50462
17694
50463
17695
50464
17696
50465
17697
50466
17698
50467
17699
50468
17700
50469
17701
50470
17702
50471
17703
50472
17704
50473
17705
50474
17706
50475
17707
50476
17708
50477
17709
50478
17710
50479
17711
50480
17712
50481
17713
50482
17714
50483
17715
50484
17716
50485
17717
50486
17718
50487
17719
50488
17720
50489
17721
50490
17722
50491
17723
50492
17724
50493
17725
50494
17726
50495
17727
50496
17728
50497
17729
50498
17730
50499
17731
50500
17732
50501
17733
50502
17734
50503
17735
50504
17736
50505
17737
50506
17738
50507
17739
50508
17740
50509
17741
50510
17742
50511
17743
50512
17744
50513
17745
50514
17746
50515
17747
50516
17748
50517
17749
50518
17750
50519
17751
50520
17752
50521
17753
50522
17754
50523
17755
50524
17756
50525
17757
50526
17758
50527
17759
50528
17760
50529
17761
50530
17762
50531
17763
50532
17764
50533
17765
50534
17766
50535
17767
50536
17768
50537
17769
50538
17770
50539
17771
50540
17772
50541
17773
50542
17774
50543
17775
50544
17776
50545
17777
50546
17778
50547
17779
50548
17780
50549
17781
50550
17782
50551
17783
50552
17784
50553
17785
50554
17786
50555
17787
50556
17788
50557
17789
50558
17790
50559
17791
50560
17792
50561
17793
50562
17794
50563
17795
50564
17796
50565
17797
50566
17798
50567
17799
50568
17800
50569
17801
50570
17802
50571
17803
50572
17804
50573
17805
50574
17806
50575
17807
50576
17808
50577
17809
50578
17810
50579
17811
50580
17812
50581
17813
50582
17814
50583
17815
50584
17816
50585
17817
50586
17818
50587
17819
50588
17820
50589
17821
50590
17822
50591
17823
50592
17824
50593
17825
50594
17826
50595
17827
50596
17828
50597
17829
50598
17830
50599
17831
50600
17832
50601
17833
50602
17834
50603
17835
50604
17836
50605
17837
50606
17838
50607
17839
50608
17840
50609
17841
50610
17842
50611
17843
50612
17844
50613
17845
50614
17846
50615
17847
50616
17848
50617
17849
50618
17850
50619
17851
50620
17852
50621
17853
50622
17854
50623
17855
50624
17856
50625
17857
50626
17858
50627
17859
50628
17860
50629
17861
50630
17862
50631
17863
50632
17864
50633
17865
50634
17866
50635
17867
50636
17868
50637
17869
50638
17870
50639
17871
50640
17872
50641
17873
50642
17874
50643
17875
50644
17876
50645
17877
50646
17878
50647
17879
50648
17880
50649
17881
50650
17882
50651
17883
50652
17884
50653
17885
50654
17886
50655
17887
50656
17888
50657
17889
50658
17890
50659
17891
50660
17892
50661
17893
50662
17894
50663
17895
50664
17896
50665
17897
50666
17898
50667
17899
50668
17900
50669
17901
50670
17902
50671
17903
50672
17904
50673
17905
50674
17906
50675
17907
50676
17908
50677
17909
50678
17910
50679
17911
50680
17912
50681
50682
50683
17915
50684
17916
50685
50686
50687
17919
50688
50689
50690
17922
50691
17923
50692
50693
50694
17926
50695
50696
50697
17929
50698
17930
50699
50700
50701
17933
50702
50703
50704
17936
50705
17937
50706
50707
50708
17940
50709
50710
50711
17943
50712
17944
50713
50714
50715
17947
50716
50717
50718
17950
50719
17951
50720
50721
50722
17954
50723
50724
50725
17957
50726
17958
50727
50728
50729
17961
50730
50731
50732
17964
50733
17965
50734
50735
50736
50737
50738
50739
50740
50741
50742
50743
50744
50745
50746
50747
50748
50749
50750
50751
50752
50753
50754
50755
50756
50757
50758
50759
50760
50761
50762
50763
50764
50765
50766
50767
50768
50769
50770
50771
50772
50773
50774
50775
50776
50777
50778
50779
50780
50781
50782
50783
50784
50785
50786
50787
50788
50789
50790
50791
50792
50793
50794
50795
50796
50797
50798
50799
50800
50801
50802
50803
50804
50805
50806
50807
50808
50809
50810
50811
50812
50813
50814
50815
50816
50817
50818
50819
50820
50821
50822
50823
50824
50825
50826
50827
50828
50829
50830
50831
50832
50833
50834
50835
50836
50837
50838
50839
50840
50841
50842
50843
50844
50845
50846
50847
50848
50849
50850
50851
50852
50853
50854
50855
50856
50857
50858
50859
50860
50861
50862
50863
50864
50865
50866
50867
50868
50869
50870
50871
50872
50873
50874
50875
50876
50877
50878
50879
50880
50881
50882
50883
50884
50885
50886
50887
50888
50889
50890
50891
50892
50893
50894
50895
50896
50897
50898
50899
50900
50901
50902
50903
50904
50905
50906
50907
50908
50909
50910
50911
50912
50913
50914
50915
50916
50917
50918
50919
50920
50921
50922
50923
50924
50925
50926
50927
50928
50929
50930
50931
50932
50933
50934
50935
50936
50937
50938
50939
50940
50941
50942
50943
50944
50945
50946
50947
50948
50949
50950
50951
50952
50953
50954
50955
50956
50957
50958
50959
50960
50961
50962
50963
50964
50965
50966
50967
50968
50969
50970
50971
50972
50973
50974
50975
50976
50977
50978
50979
50980
50981
50982
50983
50984
50985
50986
50987
50988
50989
50990
50991
50992
50993
50994
50995
50996
50997
50998
50999
51000
51001
51002
51003
51004
51005
51006
51007
51008
51009
51010
51011
51012
51013
51014
51015
51016
51017
51018
51019
51020
51021
51022
51023
51024
51025
51026
51027
51028
51029
51030
51031
51032
51033
51034
51035
51036
51037
51038
51039
51040
51041
51042
51043
51044
51045
51046
51047
51048
51049
51050
51051
51052
51053
51054
51055
51056
51057
51058
51059
51060
51061
51062
51063
51064
51065
51066
51067
51068
51069
51070
51071
51072
51073
51074
51075
51076
51077
51078
51079
51080
51081
51082
51083
51084
51085
51086
51087
51088
51089
51090
51091
51092
51093
51094
51095
51096
51097
51098
51099
51100
51101
51102
51103
51104
51105
51106
51107
51108
51109
51110
51111
51112
51113
51114
51115
51116
51117
51118
51119
51120
51121
51122
51123
51124
51125
51126
51127
51128
51129
51130
51131
51132
51133
51134
51135
51136
51137
51138
51139
51140
51141
51142
51143
51144
51145
51146
51147
51148
51149
51150
51151
51152
51153
51154
51155
51156
51157
51158
51159
51160
51161
51162
51163
51164
51165
51166
51167
51168
51169
51170
51171
51172
51173
51174
51175
51176
51177
51178
51179
51180
51181
51182
51183
51184
51185
18417
51186
18418
51187
51188
51189
18421
51190
18422
51191
51192
18424
51193
18425
51194
51195
51196
18428
51197
18429
51198
51199
18431
51200
18432
51201
51202
51203
18435
51204
18436
51205
51206
18438
51207
18439
51208
51209
51210
18442
51211
18443
51212
51213
18445
51214
18446
51215
51216
51217
18449
51218
18450
51219
51220
18452
51221
18453
51222
51223
51224
18456
51225
18457
51226
51227
18459
51228
18460
51229
51230
51231
18463
51232
18464
51233
51234
18466
51235
18467
51236
51237
51238
18470
51239
18471
51240
18472
51241
18473
51242
18474
51243
18475
51244
18476
51245
18477
51246
18478
51247
18479
51248
18480
51249
18481
51250
18482
51251
18483
51252
18484
51253
18485
51254
18486
51255
18487
51256
18488
51257
18489
51258
18490
51259
18491
51260
18492
51261
18493
51262
18494
51263
18495
51264
18496
51265
18497
51266
18498
51267
18499
51268
18500
51269
18501
51270
18502
51271
18503
51272
18504
51273
18505
51274
18506
51275
18507
51276
18508
51277
18509
51278
18510
51279
18511
51280
18512
51281
18513
51282
18514
51283
18515
51284
18516
51285
18517
51286
18518
51287
18519
51288
18520
51289
18521
51290
18522
51291
18523
51292
18524
51293
18525
51294
18526
51295
18527
51296
18528
51297
18529
51298
18530
51299
18531
51300
18532
51301
18533
51302
18534
51303
18535
51304
18536
51305
18537
51306
18538
51307
18539
51308
18540
51309
18541
51310
18542
51311
18543
51312
18544
51313
18545
51314
18546
51315
18547
51316
18548
51317
18549
51318
18550
51319
18551
51320
18552
51321
18553
51322
18554
51323
18555
51324
18556
51325
18557
51326
18558
51327
18559
51328
18560
51329
18561
51330
18562
51331
18563
51332
18564
51333
18565
51334
18566
51335
18567
51336
18568
51337
18569
51338
18570
51339
18571
51340
18572
51341
18573
51342
18574
51343
18575
51344
18576
51345
18577
51346
18578
51347
18579
51348
18580
51349
18581
51350
18582
51351
18583
51352
18584
51353
18585
51354
18586
51355
18587
51356
18588
51357
18589
51358
18590
51359
18591
51360
18592
51361
18593
51362
18594
51363
18595
51364
18596
51365
18597
51366
18598
51367
18599
51368
18600
51369
18601
51370
18602
51371
18603
51372
18604
51373
18605
51374
18606
51375
18607
51376
18608
51377
18609
51378
18610
51379
18611
51380
18612
51381
18613
51382
18614
51383
18615
51384
18616
51385
18617
51386
18618
51387
18619
51388
18620
51389
18621
51390
18622
51391
18623
51392
18624
51393
18625
51394
18626
51395
18627
51396
18628
51397
18629
51398
18630
51399
18631
51400
18632
51401
18633
51402
18634
51403
18635
51404
18636
51405
18637
51406
18638
51407
18639
51408
18640
51409
18641
51410
18642
51411
18643
51412
18644
51413
18645
51414
18646
51415
18647
51416
18648
51417
18649
51418
18650
51419
18651
51420
18652
51421
18653
51422
18654
51423
18655
51424
18656
51425
18657
51426
18658
51427
18659
51428
18660
51429
18661
51430
18662
51431
18663
51432
18664
51433
18665
51434
18666
51435
18667
51436
18668
51437
18669
51438
18670
51439
18671
51440
18672
51441
18673
51442
18674
51443
18675
51444
18676
51445
18677
51446
18678
51447
18679
51448
18680
51449
18681
51450
18682
51451
18683
51452
18684
51453
18685
51454
18686
51455
18687
51456
18688
51457
18689
51458
18690
51459
18691
51460
18692
51461
18693
51462
18694
51463
18695
51464
18696
51465
51466
51467
18699
51468
18700
51469
51470
51471
18703
51472
51473
51474
18706
51475
18707
51476
51477
51478
18710
51479
51480
51481
18713
51482
18714
51483
51484
51485
18717
51486
51487
51488
18720
51489
18721
51490
51491
51492
18724
51493
51494
51495
18727
51496
18728
51497
51498
51499
18731
51500
51501
51502
18734
51503
18735
51504
51505
51506
18738
51507
51508
51509
18741
51510
18742
51511
51512
51513
18745
51514
51515
51516
18748
51517
18749
51518
51519
51520
51521
51522
51523
51524
51525
51526
51527
51528
51529
51530
51531
51532
51533
51534
51535
51536
51537
51538
51539
51540
51541
51542
51543
51544
51545
51546
51547
51548
51549
51550
51551
51552
51553
51554
51555
51556
51557
51558
51559
51560
51561
51562
51563
51564
51565
51566
51567
51568
51569
51570
51571
51572
51573
51574
51575
51576
51577
51578
51579
51580
51581
51582
51583
51584
51585
51586
51587
51588
51589
51590
51591
51592
51593
51594
51595
51596
51597
51598
51599
51600
51601
51602
51603
51604
51605
51606
51607
51608
51609
51610
51611
51612
51613
51614
51615
51616
51617
51618
51619
51620
51621
51622
51623
51624
51625
51626
51627
51628
51629
51630
51631
51632
51633
51634
51635
51636
51637
51638
51639
51640
51641
51642
51643
51644
51645
51646
51647
51648
51649
51650
51651
51652
51653
51654
51655
51656
51657
51658
51659
51660
51661
51662
51663
51664
51665
51666
51667
51668
51669
51670
51671
51672
51673
51674
51675
51676
51677
51678
51679
51680
51681
51682
51683
51684
51685
51686
51687
51688
51689
51690
51691
51692
51693
51694
51695
51696
51697
51698
51699
51700
51701
51702
51703
51704
51705
51706
51707
51708
51709
51710
51711
51712
51713
51714
51715
51716
51717
51718
51719
51720
51721
51722
51723
51724
51725
51726
51727
51728
51729
51730
51731
51732
51733
51734
51735
51736
51737
51738
51739
51740
51741
51742
51743
51744
51745
18977
51746
18978
51747
51748
51749
18981
51750
18982
51751
51752
18984
51753
18985
51754
51755
51756
18988
51757
18989
51758
51759
18991
51760
18992
51761
51762
51763
18995
51764
18996
51765
51766
18998
51767
18999
51768
51769
51770
19002
51771
19003
51772
51773
19005
51774
19006
51775
51776
51777
19009
51778
19010
51779
51780
19012
51781
19013
51782
51783
51784
19016
51785
19017
51786
51787
19019
51788
19020
51789
51790
51791
19023
51792
19024
51793
51794
19026
51795
19027
51796
51797
51798
19030
51799
19031
51800
19032
51801
19033
51802
19034
51803
19035
51804
19036
51805
19037
51806
19038
51807
19039
51808
19040
51809
19041
51810
19042
51811
19043
51812
19044
51813
19045
51814
19046
51815
19047
51816
19048
51817
19049
51818
19050
51819
19051
19052
51821
19053
19054
51823
19055
19056
51825
19057
19058
19059
19060
19061
19062
19063
19064
19065
19066
19067
19068
19069
19070
19071
19072
19073
51842
19074
51843
19075
19076
51845
19077
19078
19079
19080
51849
19081
51850
19082
19083
51852
19084
19085
19086
19087
19088
19089
19090
19091
19092
19093
19094
19095
19096
19097
19098
19099
19100
19101
51870
19102
19103
51872
19104
19105
51874
19106
19107
19108
19109
19110
19111
19112
19113
19114
19115
19116
19117
19118
19119
19120
19121
19122
51891
19123
51892
19124
19125
51894
19126
19127
19128
19129
51898
19130
51899
19131
19132
51901
19133
19134
19135
19136
19137
19138
19139
19140
19141
19142
19143
19144
19145
19146
19147
19148
19149
19150
51919
19151
19152
51921
19153
19154
51923
19155
19156
19157
19158
19159
19160
19161
19162
19163
19164
19165
19166
19167
19168
19169
19170
19171
51940
19172
51941
19173
19174
51943
19175
19176
19177
19178
51947
19179
51948
19180
19181
51950
19182
19183
19184
19185
19186
19187
19188
19189
19190
19191
19192
19193
19194
19195
19196
19197
19198
19199
51968
19200
19201
51970
19202
19203
51972
19204
19205
19206
19207
19208
19209
19210
19211
19212
19213
19214
19215
19216
19217
19218
19219
19220
51989
19221
51990
19222
19223
51992
19224
19225
19226
19227
51996
19228
51997
19229
19230
51999
19231
19232
19233
19234
19235
19236
19237
19238
19239
19240
19241
19242
19243
19244
19245
19246
19247
19248
52017
19249
19250
52019
19251
19252
52021
19253
19254
19255
19256
19259
19260
19263
19266
19267
52038
19270
52039
52041
19273
19274
52045
19277
52046
52048
19280
19281
19284
19287
19288
19291
19294
19295
52066
19298
52068
19301
52070
19302
19305
19308
19309
19313
19314
52087
52088
19320
19321
52090
52094
52095
19327
19328
52097
19334
19335
19341
19342
52115
19348
52117
19349
52119
19355
19356
19362
19363
52136
19368
52137
19369
19370
52139
19371
19372
19373
19374
52143
19375
52144
19376
19377
52146
19378
19379
19380
19381
19382
19383
19384
19385
19386
19387
19388
19389
19390
19391
19392
19393
19394
19395
52164
19396
19397
52166
19398
19399
52168
19400
19401
19402
19403
19404
19405
19406
19407
19408
19409
19410
19411
19412
19413
19414
19415
19416
52185
19417
52186
19418
19419
52188
19420
19421
19422
19423
52192
19424
52193
19425
19426
52195
19427
19428
19429
19430
19431
19432
19433
19434
19435
19436
19437
19438
19439
19440
19441
19442
19443
19444
19445
19446
19447
19448
19449
19450
19451
19452
52221
19453
52222
19454
19455
19456
52225
19457
19458
19459
52228
19460
52229
19461
19462
19463
52232
19464
19465
19466
19467
19468
19469
19470
19471
19472
19473
19474
19475
19476
19477
19478
19479
19480
19481
19482
19483
19484
19485
19486
19487
19488
19489
19490
19491
19492
19493
19494
19495
19496
19497
19498
19499
19500
19501
52270
19502
52271
19503
19504
19505
52274
19506
19507
19508
52277
19509
52278
19510
19511
19512
52281
19513
19514
19515
19516
19517
19518
19519
19520
19521
19522
19523
19524
19525
19526
19527
19528
19529
19530
19531
19532
19533
19534
19535
19536
19537
19538
19539
19540
19541
19542
19543
19544
19545
19546
19547
19548
19549
19550
52319
19551
52320
19552
19553
19554
52323
19555
19556
19557
52326
19558
52327
19559
19560
19561
52330
19562
19563
19564
19565
19566
19567
19568
19569
19570
19571
19572
19573
19574
19575
19576
19577
19578
19579
19580
19581
19582
19583
19584
19585
19586
19587
19588
19589
19590
19591
19592
19599
52368
52369
52372
19606
52375
52376
52379
19613
19620
19627
19634
19641
52417
52418
52421
52424
52425
52428
52466
52467
52470
19704
52473
19705
52474
19706
52477
19709
19710
19711
19712
19713
19716
19717
19718
19719
19720
19723
19724
19725
19726
19727
19730
19731
19732
19733
19734
19737
19738
19739
19740
19741
19744
19745
19746
52515
19747
52516
19748
52519
19751
19752
19753
52522
19754
52523
19755
52526
19758
19759
19760
19761
19762
19763
19764
19765
19766
19767
19768
19769
19770
19771
19772
19773
19774
19775
19776
19777
19778
19779
19780
19781
19782
19783
19784
19785
19786
19787
19788
19789
19790
19791
19792
19793
19794
19795
52564
19796
52565
19797
19798
19799
52568
19800
19801
19802
52571
19803
52572
19804
19805
52574
19806
19807
19808
19809
19810
19811
19812
19813
19814
19815
19816
19817
19818
19819
19820
19821
19822
19823
19824
19825
19826
19827
19828
19829
19830
19831
19832
19833
19834
19835
52604
19836
52605
19837
52606
19838
52607
19839
52608
19840
52609
19841
52610
19842
52611
19843
52612
19844
52613
19845
52614
19846
52615
19847
52616
19848
52617
19849
52618
19850
52619
19851
52620
19852
52621
19853
52622
19854
52623
19855
52624
19856
52625
19857
52626
19858
52627
19859
52628
19860
52629
19861
52630
19862
52631
19863
52632
19864
52633
19865
52634
19866
52635
19867
52636
19868
52637
19869
52638
19870
52639
19871
52640
19872
52641
19873
52642
19874
52643
19875
52644
19876
52645
52646
52647
19879
52648
19880
52649
19881
52650
19882
52651
19883
52652
52653
52654
19886
52655
19887
52656
19888
52657
19889
52658
19890
52659
52660
52661
19893
52662
19894
52663
19895
52664
19896
52665
19897
52666
52667
52668
19900
52669
19901
52670
19902
52671
19903
52672
19904
52673
52674
52675
19907
52676
19908
52677
19909
52678
19910
52679
19911
52680
52681
52682
19914
52683
19915
52684
19916
52685
19917
52686
19918
52687
52688
52689
19921
52690
19922
52691
19923
52692
19924
52693
19925
52694
52695
52696
52697
52698
52699
52700
52701
52702
52703
52704
52705
52706
52707
52708
52709
52710
52711
52712
52713
52714
52715
52716
52717
52718
52719
52720
52721
52722
52723
52724
52725
52726
52727
52728
52729
52730
52731
52732
52733
52734
52735
52736
52737
52738
52739
52740
52741
52742
52743
52744
52745
52746
52747
52748
52749
52750
52751
52752
52753
52754
52755
52756
52757
52758
52759
52760
52761
52762
52763
52764
52765
52766
52767
52768
52769
52770
52771
52772
52773
52774
52775
52776
52777
52778
52779
52780
52781
52782
52783
52784
52785
52786
52787
52788
52789
52790
52791
52792
52793
52794
52795
52796
52797
52798
52799
52800
52801
52802
52803
52804
52805
52806
52807
52808
52809
20041
52810
20042
52811
52812
52813
52814
52815
52816
20048
52817
20049
52818
52819
52820
52821
52822
52823
20055
52824
20056
52825
52826
52827
52828
52829
52830
20062
52831
20063
52832
52833
52834
52835
52836
52837
20069
52838
20070
52839
52840
52841
52842
52843
52844
20076
52845
20077
52846
52847
52848
52849
52850
52851
20083
52852
20084
52853
52854
52855
52856
52857
52858
20090
52859
20091
52860
52861
52862
52863
52864
20096
52865
20097
52866
20098
52867
52868
52869
20101
52870
20102
52871
20103
52872
20104
52873
20105
52874
52875
52876
20108
52877
20109
52878
20110
52879
20111
52880
20112
52881
52882
52883
20115
52884
20116
52885
20117
52886
20118
52887
20119
52888
52889
52890
20122
52891
20123
52892
20124
52893
20125
52894
20126
52895
52896
52897
20129
52898
20130
52899
20131
52900
20132
52901
20133
52902
52903
52904
20136
52905
20137
52906
20138
52907
20139
52908
20140
52909
52910
52911
20143
52912
20144
52913
20145
52914
20146
52915
20147
52916
52917
52918
20150
52919
20151
52920
20152
52921
20153
52922
20154
52923
20155
52924
20156
52925
52926
52927
20159
52928
20160
52929
20161
52930
20162
52931
20163
52932
52933
52934
20166
52935
20167
52936
20168
52937
20169
52938
20170
52939
52940
52941
20173
52942
20174
52943
20175
52944
20176
52945
20177
52946
52947
52948
20180
52949
20181
52950
20182
52951
20183
52952
20184
52953
52954
52955
20187
52956
20188
52957
20189
52958
20190
52959
20191
52960
52961
52962
20194
52963
20195
52964
20196
52965
20197
52966
20198
52967
52968
52969
20201
52970
20202
52971
20203
52972
20204
52973
20205
52974
52975
52976
20208
52977
52978
52979
52980
52981
52982
52983
20215
52984
52985
52986
52987
52988
52989
52990
20222
52991
52992
52993
52994
52995
52996
52997
20229
52998
52999
53000
53001
53002
53003
53004
20236
53005
53006
53007
53008
53009
53010
53011
20243
53012
53013
53014
53015
53016
53017
53018
20250
53019
53020
53021
53022
53023
53024
53025
20257
53026
53027
53028
53029
53030
53031
53032
53033
53034
53035
53036
53037
53038
53039
53040
53041
53042
53043
53044
53045
53046
53047
53048
53049
53050
53051
53052
53053
53054
53055
53056
53057
53058
53059
53060
53061
53062
53063
53064
53065
53066
53067
53068
53069
53070
53071
53072
53073
53074
53075
53076
53077
53078
53079
53080
53081
53082
53083
53084
53085
53086
53087
53088
53089
53090
53091
53092
53093
53094
53095
53096
53097
53098
53099
53100
53101
53102
53103
53104
53105
53106
53107
53108
53109
53110
53111
53112
53113
53114
53115
53116
53117
53118
53119
53120
53121
53122
53123
53124
53125
53126
53127
53128
53129
53130
53131
53132
53133
53134
53135
53136
53137
53138
53139
53140
53141
53142
53143
53144
53145
53146
53147
53148
53149
53150
53151
53152
53153
53154
53155
53156
53157
53158
53159
53160
53161
53162
53163
53164
53165
53166
53167
53168
53169
53170
53171
53172
53173
53174
53175
53176
53177
53178
53179
53180
53181
53182
53183
53184
53185
53186
53187
53188
53189
53190
53191
53192
53193
53194
53195
53196
53197
53198
53199
53200
53201
53202
53203
53204
53205
53206
53207
53208
53209
53210
53211
53212
53213
53214
53215
53216
53217
53218
53219
53220
53221
53222
53223
53224
53225
53226
53227
53228
53229
53230
53231
53232
53233
53234
53235
53236
53237
53238
53239
53240
53241
53242
53243
53244
53245
53246
53247
53248
53249
53250
53251
53252
53253
53254
53255
53256
53257
53258
53259
53260
53261
53262
53263
53264
53265
53266
53267
53268
53269
53270
53271
53272
53273
53274
53275
53276
53277
53278
53279
53280
53281
53282
53283
53284
53285
53286
53287
53288
53289
53290
53291
53292
53293
53294
53295
53296
53297
53298
53299
53300
53301
53302
53303
53304
53305
53306
53307
53308
53309
53310
53311
53312
53313
53314
53315
53316
53317
53318
53319
53320
53321
53322
53323
53324
53325
53326
53327
53328
53329
53330
53331
53332
53333
53334
53335
53336
53337
53338
53339
53340
53341
53342
53343
53344
53345
53346
53347
53348
53349
53350
53351
53352
53353
53354
53355
53356
53357
53358
53359
53360
53361
53362
53363
53364
53365
53366
53367
53368
53369
53370
53371
53372
53373
53374
53375
53376
53377
53378
53379
53380
53381
53382
53383
53384
53385
53386
53387
53388
53389
53390
53391
53392
53393
53394
53395
53396
53397
53398
53399
53400
53401
53402
53403
53404
53405
53406
53407
53408
53409
53410
53411
53412
53413
53414
53415
53416
53417
53418
53419
53420
53421
53422
53423
53424
53425
53426
53427
53428
53429
53430
53431
53432
53433
53434
53435
53436
53437
53438
53439
53440
53441
53442
53443
53444
53445
53446
53447
53448
53449
53450
53451
53452
53453
53454
53455
53456
53457
53458
53459
53460
53461
53462
53463
53464
53465
53466
53467
53468
53469
53470
53471
53472
53473
53474
53475
53476
53477
53478
53479
53480
53481
53482
53483
53484
53485
53486
53487
53488
53489
53490
53491
53492
53493
53494
53495
53496
53497
53498
53499
53500
53501
53502
53503
53504
53505
53506
53507
53508
53509
53510
53511
53512
53513
53514
53515
53516
53517
53518
53519
53520
53521
53522
53523
53524
53525
53526
53527
53528
53529
53530
53531
53532
53533
53534
53535
53536
53537
53538
53539
53540
53541
53542
53543
53544
53545
53546
53547
53548
53549
53550
53551
53552
53553
53554
53555
53556
53557
53558
53559
53560
53561
53562
53563
53564
53565
53566
53567
53568
53569
53570
53571
53572
53573
53574
53575
53576
53577
53578
53579
53580
53581
53582
53583
53584
53585
53586
53587
53588
53589
53590
53591
53592
53593
53594
53595
53596
53597
53598
53599
53600
53601
53602
53603
53604
53605
53606
53607
53608
53609
53610
53611
53612
53613
53614
53615
53616
53617
53618
53619
53620
53621
53622
53623
53624
53625
53626
53627
53628
53629
53630
53631
53632
53633
53634
53635
53636
53637
53638
53639
53640
53641
53642
53643
53644
53645
53646
53647
53648
53649
53650
53651
53652
53653
53654
53655
53656
53657
53658
53659
53660
53661
53662
53663
53664
53665
53666
53667
53668
53669
53670
53671
53672
53673
53674
53675
53676
53677
53678
53679
53680
53681
53682
53683
53684
53685
53686
53687
53688
53689
53690
53691
53692
53693
53694
53695
53696
53697
53698
53699
53700
53701
53702
53703
53704
53705
53706
53707
53708
53709
53710
53711
53712
53713
53714
53715
53716
53717
53718
53719
53720
53721
53722
53723
53724
53725
53726
53727
53728
53729
53730
53731
53732
53733
53734
53735
53736
53737
53738
53739
53740
53741
53742
53743
53744
53745
53746
53747
53748
53749
53750
53751
53752
53753
53754
53755
53756
53757
53758
53759
53760
53761
53762
53763
53764
53765
53766
53767
53768
53769
53770
53771
53772
53773
53774
53775
53776
53777
53778
53779
53780
53781
53782
53783
53784
53785
53786
53787
53788
53789
53790
53791
53792
53793
53794
53795
53796
53797
53798
53799
53800
53801
53802
53803
53804
53805
53806
53807
53808
53809
53810
53811
53812
53813
53814
53815
53816
53817
53818
53819
53820
53821
53822
53823
53824
53825
53826
53827
53828
53829
53830
53831
53832
53833
53834
53835
53836
53837
53838
53839
53840
53841
53842
53843
53844
53845
53846
53847
53848
53849
53850
53851
53852
53853
53854
53855
53856
53857
53858
53859
53860
53861
53862
53863
53864
53865
53866
53867
53868
53869
53870
53871
53872
53873
53874
53875
53876
53877
53878
53879
53880
53881
53882
53883
53884
53885
53886
53887
53888
53889
53890
53891
53892
53893
53894
53895
53896
53897
53898
53899
53900
53901
53902
53903
53904
53905
53906
53907
53908
53909
53910
53911
53912
53913
53914
53915
53916
53917
53918
53919
53920
53921
53922
53923
53924
53925
53926
53927
53928
53929
53930
53931
53932
53933
53934
53935
53936
53937
53938
53939
53940
53941
53942
53943
53944
53945
53946
53947
53948
53949
53950
53951
53952
53953
53954
53955
53956
53957
53958
53959
53960
53961
53962
53963
53964
53965
53966
53967
53968
53969
53970
53971
53972
53973
53974
53975
53976
53977
53978
53979
53980
53981
53982
53983
53984
53985
53986
53987
53988
53989
53990
53991
53992
53993
53994
53995
53996
53997
53998
53999
54000
54001
54002
54003
54004
54005
54006
54007
54008
54009
54010
54011
54012
54013
54014
54015
54016
54017
54018
54019
54020
54021
54022
54023
54024
54025
54026
54027
54028
54029
54030
54031
54032
54033
54034
54035
54036
54037
54038
54039
54040
54041
54042
54043
54044
54045
54046
54047
54048
54049
54050
54051
54052
54053
54054
54055
54056
54057
54058
54059
54060
54061
54062
54063
54064
54065
54066
54067
54068
54069
54070
54071
54072
54073
54074
54075
54076
54077
54078
54079
54080
54081
54082
54083
54084
54085
54086
54087
54088
54089
54090
54091
54092
54093
54094
54095
54096
54097
54098
54099
54100
54101
54102
54103
54104
54105
54106
54107
54108
54109
54110
54111
54112
54113
54114
54115
54116
54117
54118
54119
54120
54121
54122
54123
54124
54125
54126
54127
54128
54129
54130
54131
54132
54133
54134
54135
54136
54137
54138
54139
54140
54141
54142
54143
54144
54145
21377
54146
21378
54147
21379
54148
21380
54149
21381
54150
21382
54151
21383
54152
21384
54153
21385
54154
21386
54155
21387
54156
21388
54157
21389
54158
21390
54159
21391
54160
21392
54161
21393
54162
21394
54163
21395
54164
21396
54165
21397
54166
21398
54167
21399
54168
21400
54169
21401
54170
21402
54171
21403
21404
54173
21405
21406
54175
21407
21408
54177
21409
21410
21411
21412
21413
21414
21415
21416
21417
21418
21419
21420
21421
21422
21423
21424
21425
21426
21427
21428
21429
21430
21431
21432
21440
21441
21442
21443
21444
21445
21446
21447
21448
21449
21450
21451
21452
21453
54222
21454
21455
54224
21456
21457
54226
21458
21459
21460
21461
21462
21463
21464
21465
21466
21467
21468
21469
21470
21471
21472
21473
21474
21475
21476
21477
21478
21479
21480
21481
21482
21483
21484
21485
21486
21487
21488
21489
21490
21491
21492
21493
21494
21495
54271
54273
21506
54275
21507
21513
21514
21520
21521
21527
21528
21534
21535
21541
21542
21548
21549
54320
54322
21555
54324
21556
54369
54371
54373
54418
54420
54422
54467
54469
54471
54516
54518
54520
54956
54957
54958
54960
54962
54963
54964
54965
54966
54967
54968
54969
54970
54971
54972
54973
54974
54975
54976
54977
54982
54984
54989
54991
54992
54993
54994
54995
54996
54997
54998
54999
55000
55001
55002
55003
55004
55005
55006
55007
55009
55011
55012
55013
55014
55015
55016
55017
55018
55019
55020
22252
55021
55022
22254
55023
22255
55024
22256
55025
22257
55026
22258
22259
22261
22262
55031
22263
22264
55033
22265
22266
22268
22269
55038
22270
22271
55040
22272
55041
22273
55042
55043
22275
55044
22276
55045
22277
55046
22278
55047
22279
55048
22280
55049
55050
22282
55051
22283
55052
22284
55053
22285
55054
22286
55055
22287
55056
22289
55058
22290
22291
55060
22292
55061
22293
55062
22294
55063
55064
22296
55065
22297
55066
22298
55067
22299
55068
22300
55069
22301
55070
55071
22303
55072
22304
55073
22305
55074
22306
55075
22307
55080
55082
22315
22316
22317
22318
55087
22319
22320
55089
22321
55090
22322
55091
22323
55092
22324
55093
22325
55094
22326
55095
22327
55096
22328
55097
22329
55098
22330
55099
22331
55100
22332
55101
22333
55102
22334
55103
22335
55104
22336
55105
22337
22338
55107
22339
22340
55109
22341
55110
22342
55111
22343
55112
22344
55113
22345
55114
22346
55115
22347
55116
22348
55117
22349
55118
22350
55119
22351
55120
22352
55121
22353
55122
22354
55123
22355
55124
22356
22357
22358
22359
22360
55129
22361
22362
55131
22363
22364
22365
22366
22367
55136
22368
22369
55138
22370
55139
55140
55141
55142
55143
55144
55145
55146
22378
55147
22379
55148
22380
55149
22381
55150
22382
55151
22383
55152
22384
55153
22385
55154
22386
22387
55156
22388
22389
55158
22390
55159
22391
55160
22392
55161
22393
55162
22394
55163
22395
55164
22396
55165
22397
55166
22398
55167
22399
55168
22400
55169
22401
55170
22402
55171
22403
55172
22404
55173
22405
22406
22407
22408
22409
55178
22410
22411
55180
22412
22413
22414
22415
22416
55185
22417
22418
55187
22419
55188
22420
55189
22421
55190
22422
55191
22423
55192
22424
55193
22425
55194
22426
55195
22427
55196
22428
55197
22429
55198
22430
55199
22431
55200
22432
55201
22433
55202
55203
55205
55207
55208
55209
22441
55210
22442
55211
22443
55212
22444
55213
22445
55214
22446
55215
22447
55216
22448
55217
22449
55218
22450
55219
22451
55220
22452
55221
22453
55222
22454
22455
22456
22457
22458
55227
22459
22460
55229
22461
22462
22463
22464
22465
55234
22466
22467
55236
22468
55237
22469
55238
22470
55239
22471
55240
22472
55241
22473
55242
22474
55243
22475
55244
22476
55245
22477
55246
22478
55247
22479
55248
22480
55249
22481
55250
22482
55251
22483
55252
22484
22485
55254
22486
22487
55256
22488
55257
22489
55258
22490
55259
22491
55260
22492
55261
22493
55262
22494
55263
22495
55264
22496
55265
55266
55267
55268
55269
55270
55271
55276
55278
55283
55285
55286
55287
55288
55289
55290
55291
55292
55293
55294
55295
55296
55297
55298
55299
55300
55301
55303
55305
55306
55307
55308
55309
55310
55311
55312
55313
55314
55315
55316
55317
55318
55319
55320
55325
55327
55333
55334
55335
55336
55337
55338
55339
55340
55341
55342
55343
55344
55345
55346
55347
55348
55349
55350
55351
55352
55353
55354
55355
55356
55357
55358
55359
55360
55361
55362
55363
55364
55365
55366
55367
55368
55369
55370
55371
55372
55373
55374
55375
55376
55377
55378
55379
55380
55381
55382
55383
55384
55385
55386
55387
55388
55389
55390
55391
55392
55393
55394
55395
55396
55397
55398
55399
55400
55401
55402
55403
55404
55405
55406
55407
55408
55409
55410
55411
55412
55413
55414
55415
55416
55417
55418
55419
55420
55421
55422
55423
55424
55425
55426
55427
55428
55429
55430
55431
55432
55433
55434
55435
55436
55437
55438
55439
55440
55441
55442
55443
55444
55445
55446
55447
55448
55449
55450
55451
55452
55453
55454
55455
55456
55457
55458
55459
55460
55461
55462
55463
55464
55465
55466
55467
55468
55469
55470
55471
55472
55473
55474
55475
55476
55477
55478
55479
55480
55481
55482
55483
55484
55485
55486
55487
55488
55489
55490
55491
55492
55493
55494
55495
55496
55497
55498
55499
55500
55501
55502
55503
55504
55505
55506
55507
55508
55509
55510
55511
55512
55513
55514
55515
55516
55517
55518
55519
55520
55521
55522
55523
55524
55525
55526
55527
55528
55529
55530
55531
55532
55533
55534
55535
55536
55537
55538
55539
55540
55541
55542
55543
55544
55545
55546
55547
55548
55549
55550
55551
55552
55553
55554
55555
55556
55557
55558
55559
55560
55561
55562
55563
55564
55565
55566
55567
55568
55569
55570
55571
55572
55573
55574
55575
55576
55577
55578
55579
55580
55581
55582
55583
55584
55585
55586
55587
55588
55589
55590
55591
55592
55593
55594
55595
55596
55597
55598
55599
55600
55601
55602
55603
55604
55605
55606
55607
55608
55609
55610
55611
55612
55613
55614
55615
55616
55617
55618
55619
55620
55621
55622
55623
55624
55625
55626
55627
55628
55629
55630
55631
55632
55633
55634
55635
55636
55637
55638
55639
55640
55641
55642
55643
55644
55645
55646
55647
55648
55649
55650
55651
55652
55653
55654
55655
55656
55657
55658
55659
55660
55661
55662
55663
55664
55665
55666
55667
55668
55669
55670
55671
55672
55673
55674
55675
55676
55677
55678
55679
55680
55681
55682
55683
55684
55685
55686
55687
55688
55689
55690
55691
55692
55693
55694
55695
55696
55697
55698
55699
55700
55701
55702
55703
55704
55705
55706
55707
55708
55709
55710
55711
55712
55713
55714
55715
55716
55717
55718
55719
55720
55721
55722
55723
55724
55725
55726
55727
55728
55729
55730
55731
55732
55733
55734
55735
55736
55737
55738
55739
55740
55741
55742
55743
55744
55745
55746
55747
55748
55749
55750
55751
55752
55753
55754
55755
55756
55757
55758
55759
55760
55761
55762
55763
55764
55765
55766
55767
55768
55769
55770
55771
55772
55773
55774
55775
55776
55777
55778
55779
55780
55781
55782
55783
55784
55785
55786
55787
55788
55789
55790
55791
55792
55793
55794
55795
55796
55797
55798
55799
55800
55801
55802
55803
55804
55805
55806
55807
55808
55809
55810
55811
55812
55813
55814
55815
55816
55817
55818
55819
55820
55821
55822
55823
55824
55825
55826
55827
55828
55829
55830
55831
55832
55833
55834
55835
55836
55837
55838
55839
55840
55841
55842
55843
55844
55845
55846
55847
55848
55849
55850
55851
55852
55853
55854
55855
55856
55857
55858
55859
55860
55861
55862
55863
55864
55865
55866
55867
55868
55869
55870
55871
55872
55873
55874
55875
55876
55877
55878
55879
55880
55881
55882
55883
55884
55885
55886
55887
55888
55889
55890
55891
55892
55893
55894
55895
55896
55897
55898
55899
55900
55901
55902
55903
55904
55905
55906
55907
55908
55909
55910
55911
55912
55913
55914
55915
55916
55917
55918
55919
55920
55921
55922
55923
55924
55925
55926
55927
55928
55929
55930
55931
55932
55933
55934
55935
55936
55937
55938
55939
55940
55941
55942
55943
55944
55945
55946
55947
55948
55949
55950
55951
55952
55953
55954
55955
55956
55957
55958
23190
55959
23191
55960
23192
55961
23193
55962
23194
55963
23195
55964
23196
55965
23197
55966
23198
55967
23199
55968
23200
55969
23201
55970
23202
55971
23203
55972
23204
55973
23205
55974
23206
55975
23207
55976
23208
55977
23209
55978
23210
55979
23211
55980
23212
55981
23213
55982
23214
55983
23215
55984
23216
55985
23217
55986
23218
55987
23219
55988
23220
55989
23221
55990
23222
55991
23223
55992
23224
55993
23225
55994
23226
55995
23227
55996
23228
55997
23229
55998
23230
55999
23231
56000
23232
56001
23233
56002
23234
56003
23235
56004
23236
56005
23237
56006
23238
56007
23239
56008
23240
56009
23241
56010
23242
56011
23243
56012
23244
56013
23245
56014
56015
56016
56017
56018
56019
56020
56021
23253
56022
23254
56023
23255
56024
23256
56025
23257
56026
23258
56027
23259
56028
23260
56029
23261
56030
23262
56031
23263
56032
23264
56033
23265
56034
23266
56035
23267
56036
23268
56037
23269
56038
23270
56039
23271
56040
23272
56041
23273
56042
23274
56043
23275
56044
23276
56045
23277
56046
23278
56047
23279
56048
23280
56049
23281
56050
23282
56051
23283
56052
23284
56053
23285
56054
23286
56055
23287
56056
23288
56057
23289
56058
23290
56059
23291
56060
23292
56061
23293
56062
23294
56063
23295
56064
23296
56065
23297
56066
23298
56067
23299
56068
23300
56069
23301
56070
23302
56071
23303
56072
23304
56073
23305
56074
23306
56075
23307
56076
23308
56077
56078
56079
56080
56081
56082
56083
56084
23316
56085
23317
56086
23318
56087
23319
56088
23320
56089
23321
56090
23322
56091
23323
56092
23324
56093
23325
56094
23326
56095
23327
56096
23328
56097
23329
56098
23330
56099
23331
56100
23332
56101
23333
56102
23334
56103
23335
56104
23336
56105
23337
56106
23338
56107
23339
56108
23340
56109
23341
56110
23342
56111
23343
56112
23344
56113
23345
56114
23346
56115
23347
56116
23348
56117
23349
56118
23350
56119
23351
56120
23352
56121
23353
56122
23354
56123
23355
56124
23356
56125
23357
56126
23358
56127
23359
56128
23360
56129
23361
56130
23362
56131
23363
56132
23364
56133
23365
56134
23366
56135
23367
56136
23368
56137
23369
56138
23370
56139
23371
56140
56141
56143
56144
56146
56147
23379
56148
23380
23381
56150
23382
56151
23383
23384
56153
23385
56154
23386
56155
23387
56156
23388
56157
23389
56158
23390
56159
23391
56160
23392
56161
23393
56162
23394
56163
23395
56164
23396
56165
23397
56166
23398
56167
23399
23400
23401
23402
56171
23403
23404
23405
56174
23406
23407
23408
23409
56178
23410
23411
23412
56181
23413
56182
23414
56183
23415
56184
23416
56185
23417
56186
23418
56187
23419
56188
23420
56189
23421
56190
23422
23423
56192
23424
56193
23425
23426
56195
23427
56196
23428
56197
23429
23430
56199
23431
56200
23432
23433
56202
23434
56203
56204
56205
56206
56207
56208
56209
56210
56211
23443
56212
56213
23445
56214
56215
23447
56216
23450
56220
23452
23454
56223
23457
56227
23459
23461
56230
56231
56232
23464
56233
56234
23466
56235
56236
23468
56237
56238
56239
23471
56241
23473
56242
23475
56244
56245
56246
23478
56248
23480
56249
23482
56251
56252
56253
23485
56254
56255
23487
56256
56257
23489
56258
56259
56260
23492
56261
56262
23494
56263
56264
23496
56265
56269
56272
56276
56279
56280
56281
56282
56283
56284
56285
56286
56287
56288
56290
56291
56293
56294
56295
56297
56298
56300
56301
56302
56303
56304
56305
56306
56307
56308
56309
56310
56311
56312
56313
56314
56318
56321
56325
56328
56329
56330
56331
56332
56333
56334
56335
56336
56337
56339
56340
56342
56343
56344
56346
56347
56349
56350
56351
56352
56353
56354
56355
56356
56357
56358
56359
56360
56361
56362
56363
56367
56370
56374
56377
56378
56379
56380
56381
56382
56383
56384
56385
56386
56388
56389
56391
56392
56393
56395
56396
56398
56399
56400
56401
56402
56403
56404
56405
56406
56407
56408
56409
56410
56411
56412
56416
56419
56423
56426
56427
56428
56429
56430
56431
56432
56433
56434
56435
56437
56438
56440
56441
56442
56444
56445
56447
56448
56449
56450
56451
56452
56453
56454
56455
56456
56457
56458
56459
56460
56461
56465
56468
56472
56475
56476
56477
56478
56479
56480
56481
56482
56483
56484
56486
56487
56489
56490
56491
56493
56495
56496
56497
56498
56499
56500
56501
56502
56503
56504
56505
56506
56507
56508
56509
56510
56514
56517
56523
24128
24129
24130
24131
24132
24133
24134
24135
24136
24137
24138
24139
24140
24141
24142
24143
24144
24145
24146
24147
24148
24149
24150
24151
24152
24153
24154
24155
24156
24157
24158
24159
24160
24161
24162
24163
24164
24165
24166
24167
24168
24169
24170
24171
24172
24173
24174
24175
24176
24177
24178
24179
24180
24181
24182
24183
24191
24192
24193
24194
24195
24196
24197
24198
24199
24200
24201
24202
24203
24204
24205
24206
24207
24208
24209
24210
24211
24212
24213
24214
24215
24216
24217
24218
24219
24220
24221
24222
24223
24224
24225
24226
24227
24228
24229
24230
24231
24232
24233
24234
24235
24236
24237
24238
24239
24240
24241
24242
24243
24244
24245
24246
24254
24255
24256
24257
24258
24259
24260
24261
24262
24263
24264
24265
24266
24267
24268
24269
24270
24271
24272
24273
24274
24275
24276
24277
24278
24279
24280
24281
24282
24283
24284
24285
24286
24287
24288
24289
24290
24291
24292
24293
24294
24295
24296
24297
24298
24299
24300
24301
24302
24303
24304
24305
24306
24307
24308
24309
24317
24318
24319
24320
24321
24322
24323
24324
24325
24326
24327
24328
24329
24330
24331
24332
24333
24334
24335
24336
24337
24338
24339
24340
24341
24342
24343
24344
24345
24346
24347
24348
24349
24350
24351
24352
24353
24354
24355
24356
24357
24358
24359
24360
24361
24362
24363
24364
24365
24366
24367
24368
24369
24370
24371
24372
24381
24383
24385
24388
24390
24392
24395
24397
24399
24402
24404
24406
24409
24411
24413
24416
24418
24420
24423
24425
24427
24430
24432
24434
57317
57318
57321
57324
57325
57328
57366
57367
57370
57373
57374
57377
57415
57416
57419
57422
57423
57426
57464
57465
57468
57471
57472
57475
57513
57514
57517
57520
57521
57524
57562
57563
57566
57569
57570
57573
57611
57612
57615
57618
57619
57622
57660
57661
57664
57667
57668
57670
57700
57701
57702
57703
57704
57705
57706
57707
57708
57709
57710
57711
57712
57713
57714
57715
57716
57717
57718
57719
57720
57721
57726
57728
57733
57735
57736
57738
57739
57740
57742
57743
57745
57746
57747
57749
57750
57751
57752
57753
57754
57755
57756
57757
57758
57759
57760
57761
57762
57763
57764
57765
57766
57767
57768
57769
57770
57775
57777
57782
57784
57785
57787
57788
57789
57791
57792
57794
57795
57796
57798
57799
57800
57801
57802
57803
57804
57805
57806
57807
57808
57809
57810
57811
57812
57813
57814
57815
57816
57817
57818
57819
57824
57826
57831
57833
57834
57836
57837
57838
57840
57841
57843
57844
57845
57847
57848
57849
57850
57851
57852
57853
57854
57855
57856
57857
57858
57859
57860
57861
57862
57863
57864
57865
57866
57867
57868
57873
57875
57880
57882
57883
57885
57886
57887
57889
57890
25122
25123
57892
25124
57893
25125
57894
25126
25127
57896
25128
57897
25129
57898
25130
57899
25131
57900
25132
57901
25133
57902
25134
57903
25135
57904
25136
57905
25137
57906
25138
57907
25139
57908
25140
57909
25141
57910
25142
57911
25143
57912
25144
57913
25145
57914
25146
57915
25147
57916
25148
57917
25149
25150
25151
25152
25153
57922
25154
25155
57924
25156
25157
25158
25159
25160
57929
25161
25162
57931
25163
57932
25164
25165
57934
25166
57935
25167
57936
25168
25169
57938
25170
57939
25171
25172
57941
25173
57942
25174
57943
25175
25176
57945
25177
57946
57947
57948
57949
57950
57951
57952
57953
25185
57954
25186
57955
25187
57956
25188
57957
25189
57958
25190
57959
25191
57960
25192
57961
25193
57962
25194
57963
25195
57964
25196
57965
25197
57966
25198
25199
25200
25201
25202
57971
25203
25204
57973
25205
25206
25207
25208
25209
57978
25210
25211
57980
25212
57981
25213
25214
57983
25215
57984
25216
57985
25217
25218
57987
25219
57988
25220
25221
57990
25222
57991
25223
57992
25224
25225
57994
25226
57995
25227
57996
25228
57997
25229
57998
25230
57999
25231
58000
25232
58001
25233
58002
25234
58003
25235
58004
25236
58005
25237
58006
25238
58007
25239
58008
25240
58009
58010
58011
58012
58013
58014
58015
25248
25249
25250
25251
58020
25252
25253
58022
25254
25255
25256
25257
25258
58027
25259
25260
58029
25261
58030
25262
25263
58032
25264
58033
25265
58034
25266
25267
58036
25268
58037
25269
25270
58039
25271
58040
25272
58041
25273
25274
58043
25275
58044
25276
58045
25277
58046
25278
58047
25279
58048
25280
58049
25281
58050
25282
58051
25283
58052
25284
58053
25285
58054
25286
58055
25287
58056
25288
58057
25289
58058
25290
58059
25291
58060
25292
58061
25293
58062
25294
58063
25295
58064
25296
25297
25298
25299
25300
58069
25301
25302
58071
25303
58077
58078
58079
25311
25312
58081
25313
58082
25314
58083
25315
25316
58085
25317
58086
25318
25319
58088
25320
58089
25321
25322
58091
25323
58092
25324
58093
25325
58094
25326
58095
25327
58096
25328
58097
25329
58098
25330
58099
25331
58100
25332
58101
25333
58102
25334
58103
25335
58104
25336
58105
25337
58106
25338
58107
25339
58108
25340
58109
25341
58110
25342
58111
25343
58112
25344
58113
25345
58114
25346
58115
25347
25348
58117
25349
58118
25350
25351
58120
25352
58121
25353
58122
25354
25355
58124
25356
58125
25357
25358
58127
25359
25360
25361
25362
58131
25363
25364
25365
58134
25366
58138
58141
58142
58143
25375
58144
58145
25377
58146
58147
25379
58148
58149
58150
25382
58151
58152
25384
58153
58154
25386
58155
58156
58157
25389
58158
58159
25391
58160
58161
25393
58162
58163
58164
25396
58166
25398
58167
25400
58169
58170
58171
25403
58173
25405
58174
25407
58176
25410
58180
25412
25414
58183
25417
58187
25419
25421
58190
58191
58192
25424
58193
58194
25426
58195
58196
25428
58197
58198
58199
58200
58201
58202
58203
58204
58205
58206
58207
58208
58209
58210
58211
58212
58213
58215
58216
58218
58219
58220
58222
58223
58225
58229
58232
58236
58239
58240
58241
58242
58243
58244
58245
58246
58247
58248
58249
58250
58251
58252
58253
58254
58255
58256
58257
58258
58259
58260
58261
58262
58264
58265
58267
58268
58269
58271
58272
58274
58278
58281
58285
58288
58289
58290
58291
58292
58293
58294
58295
58296
58297
58298
58299
58300
58301
58302
58303
58304
58305
58306
58307
58308
58309
58310
58311
58313
58314
58316
58317
58318
58320
58321
58323
58327
58330
58334
58337
58338
58339
58340
58341
58342
58343
58344
58345
58346
58347
58348
58349
58350
58351
58352
58353
58354
58355
58356
58357
58358
58359
58360
58362
58363
58365
58366
58367
58369
58370
58372
58376
58379
58383
58386
58387
58388
58389
58390
58391
58392
58393
58394
58395
58396
58397
58398
58399
58400
58401
58402
58403
58404
58405
58406
58407
58408
58409
58411
58412
58414
58415
58416
58418
58419
58421
58425
58428
58432
58435
58436
58437
58438
58439
58440
58441
58442
58443
58444
58445
58446
58447
58448
58449
58450
58451
58452
58453
58454
58455
58456
58457
58458
58460
58461
58463
58464
58465
58467
58469
58470
58474
58477
58483
58485
58487
58489
58534
58536
58538
58583
58585
58587
58632
58634
58636
58681
58683
58685
58730
58732
58734
58779
58781
58783
58828
26060
26061
58830
26062
26063
58832
26064
26065
26066
26067
26068
26069
26070
26071
26072
26073
26074
26075
26076
26077
26078
26079
26080
26081
26082
26083
26084
26085
26086
26087
26088
26089
26090
26091
26092
26093
26094
26095
26096
26097
26098
26099
26100
26101
26102
26103
26104
26105
26106
26107
26108
26109
26110
26111
26112
26113
26114
26115
26123
26124
26125
26126
26127
26128
26129
26130
26131
26132
26133
26134
26135
26136
26137
26138
26139
26140
26141
26142
26143
26144
26145
26146
26147
26148
26149
26150
26151
26152
26153
26154
26155
26156
26157
26158
26159
26160
26161
26162
26163
26164
26165
26166
26167
26168
26169
26170
26171
26172
26173
26174
26175
26176
26177
26178
26186
26187
26188
26189
26190
26191
26192
26193
26194
26195
26196
26197
26198
26199
26200
26201
26202
26203
26204
26205
26206
26207
26208
26209
26210
26211
26212
26213
26214
26215
26216
26217
26218
26219
26220
26221
26222
26223
26224
26225
26226
26227
26228
26229
26230
26231
26232
26233
26234
26235
26236
26237
26238
26239
26240
26241
26249
26250
26251
26252
26253
26254
26255
26256
26257
26258
26259
26260
26261
26262
26263
26264
26265
26266
26267
26268
26269
26270
26271
26272
26273
26274
26275
26276
26277
26278
26279
26280
26281
26282
26283
26284
26285
26286
26287
26288
26289
26290
26291
26292
26293
26294
26295
26296
26297
26298
26299
26300
26301
26302
26303
26304
26313
26315
26317
26320
26322
26324
26327
26329
26331
26334
26336
26338
26341
26343
26345
26348
26350
26352
26355
26357
26359
26362
26364
26366
26753
26754
26755
26757
26759
26760
26761
26762
26764
26766
26767
26768
26769
26771
26773
26774
26775
26776
26778
26780
26781
26782
26783
26785
26787
26788
26789
26790
26792
26794
26795
26796
26797
26799
26801
26802
26803
26804
26806
26808
26816
26817
26818
26819
26820
26821
26822
26823
26824
26825
26826
26827
26828
26829
26830
26831
26832
26833
26834
26835
26836
26837
26838
26839
26840
26841
26842
26843
26844
26845
26846
26847
26848
26849
26850
26851
26852
26853
26854
26855
26856
26857
26858
26859
26860
26861
26862
26863
26864
26865
26866
26867
26868
26869
26870
26871
26879
26880
26881
26882
26883
26884
26885
26886
26887
26888
26889
26890
26891
26892
26893
26894
26895
26896
26897
26898
26899
26900
26901
26902
26903
26904
26905
26906
26907
26908
26909
26910
26911
26912
26913
26914
26915
26916
26917
26918
26919
26920
26921
26922
26923
26924
26925
26926
26927
26928
26929
26930
26931
26932
26933
26934
26942
26943
26944
26945
26946
26947
26948
26949
26950
26951
26952
26953
26954
26955
26956
26957
26958
26959
26960
26961
26962
26963
26964
26965
26966
26967
26968
26969
26970
26971
26972
26973
26974
26975
26976
26977
26978
26979
26980
26981
26982
26983
26984
26985
26986
26987
26988
26989
26990
26991
26992
26993
26994
26995
26996
26997
27320
27321
27322
27323
27324
27325
27326
27327
27328
27329
27330
27331
27332
27333
27334
27335
27336
27337
27338
27339
27340
27341
27342
27343
27344
27345
27346
27347
27348
27349
27350
27351
27352
27353
27354
27355
27356
27357
27358
27359
27360
27361
27362
27363
27364
27365
27366
27367
27368
27369
27370
27371
27372
27373
27374
27375
27383
27384
27385
27386
27387
27388
27389
27390
27391
27392
27393
27394
27395
27396
27397
27398
27399
27400
27401
27402
27403
27404
27405
27406
27407
27408
27409
27410
27411
27412
27413
27414
27415
27416
27417
27418
27419
27420
27421
27422
27423
27424
27425
27426
27427
27428
27429
27430
27431
27432
27433
27434
27435
27436
27437
27438
27447
27449
27451
27454
27456
27458
27461
27463
27465
27468
27470
27472
27475
27477
27479
27482
27484
27486
27489
27491
27493
27496
27498
27500
31278
31280
31285
31287
31292
31295
31299
31302
31303
31304
31305
31306
31307
31308
31309
31310
31311
31312
31313
31314
31315
31316
31327
31329
31334
31336
31341
31344
31348
31351
31352
31353
31354
31355
31356
31357
31358
31359
31360
31361
31362
31363
31364
31365
31376
31378
31383
31385
31390
31393
31397
31400
31401
31402
31403
31404
31405
31406
31407
31408
31409
31410
31411
31412
31413
31414
31425
31427
31432
31434
31439
31442
31446
31449
31450
31451
31452
31453
31454
31455
31456
31457
31458
31459
31460
31461
31462
31463
31474
31476
31481
31483
31488
31491
31495
31498
31499
31500
31501
31502
31503
31504
31505
31506
31507
31508
31509
31510
31511
31512
31523
31525
31530
31532
31537
31540
31544
31547
31548
31549
31550
31551
31552
31553
31554
31555
31556
31557
31558
31559
31560
31561
31572
31574
31579
31581
31586
31589
31593
31596
31597
31598
31599
31600
31601
31602
31603
31604
31605
31606
31607
31608
31609
31610
31621
31623
31628
31629
31635
31638
31642
31644
31646
31647
31648
31649
31650
31651
31652
31653
31654
31655
31656
31657
31658
31659
31660
31661
31662
31663
31664
31665
31666
31667
31668
31669
31670
31671
31672
31673
31674
31675
31676
31677
31678
31679
31680
31681
31682
31683
31684
31685
31686
31687
31688
31689
31690
31691
31692
31693
31694
31695
31696
31697
31698
31699
31700
31701
31702
31703
31704
31705
31706
31707
31708
31709
31710
31711
31712
31713
31714
31715
31716
31717
31718
31719
31720
31721
31722
31723
31724
31725
31726
31727
31728
31729
31730
31731
31732
31733
31734
31735
31736
31737
31738
31739
31740
31741
31742
31743
31744
31745
31746
31747
31748
31749
31750
31751
31752
31753
31754
31755
31756
31757
31758
31759
31760
31761
31762
31763
31764
31765
31766
31767
31768
31769
31770
31771
31772
31773
31774
31775
31776
31777
31778
31779
31780
31781
31782
31783
31784
31785
31786
31787
31788
31789
31790
31791
31792
31793
31794
31795
31796
31797
31798
31799
31800
31801
31802
31803
31804
31805
31806
31807
31808
31809
31810
31811
31812
31813
31814
31815
31816
31817
31818
31819
31820
31821
31822
31823
31824
31825
31826
31827
31828
31829
31830
31831
31832
31833
31834
31835
31836
31837
31838
31839
31840
31841
31842
31843
31844
31845
31846
31847
31848
31849
31850
31851
31852
31853
31854
31855
31856
31857
31858
31859
31860
31861
31862
31863
31864
31865
31866
31867
31868
31869
31870
31871
31872
31873
31874
31875
31876
31877
31878
31879
31880
31881
31882
31883
31884
31885
31886
31887
31888
31889
31890
31891
31892
31893
31894
31895
31896
31897
31898
31899
31900
31901
31902
31903
31904
31905
31906
31907
31908
31909
31910
31911
31912
31913
31914
31915
31916
31917
31918
31919
31920
31921
31922
31923
31924
31925
31926
31927
31928
31929
31930
31931
31932
31933
31934
31935
31936
31937
31938
31939
31940
31941
31942
31943
31944
31945
31946
31947
31948
31949
31950
31951
31952
31953
31954
31955
31956
31957
31958
31959
31960
31961
31962
31963
31964
31965
31966
31967
31968
31969
31970
31971
31972
31973
31974
31975
31976
31977
31978
31979
31980
31981
31982
31983
31984
31985
31986
31987
31988
31989
31990
31991
31992
31993
31994
31995
31996
31997
31998
31999
32000
32001
32002
32003
32004
32005
32006
32007
32008
32009
32010
32011
32012
32013
32014
32015
32016
32017
32018
32019
32020
32021
32022
32023
32024
32025
32026
32027
32028
32029
32030
32031
32032
32033
32034
32035
32036
32037
32038
32039
32040
32041
32042
32043
32044
32045
32046
32047
32048
32049
32050
32051
32052
32053
32054
32055
32056
32057
32058
32059
32060
32061
32062
32063
32064
32065
32066
32067
32068
32069
32070
32071
32072
32073
32074
32075
32076
32077
32078
32079
32080
32081
32082
32083
32084
32085
32086
32087
32088
32089
32090
32091
32092
32093
32094
32095
32096
32097
32098
32099
32100
32101
32102
32103
32104
32105
32106
32107
32108
32109
32110
32111
32112
32113
32114
32115
32116
32117
32118
32119
32120
32121
32122
32123
32124
32125
32126
32127
32128
32129
32130
32131
32132
32133
32134
32135
32136
32137
32138
32139
32140
32141
32142
32143
32144
32145
32146
32147
32148
32149
32150
32151
32152
32153
32154
32155
32156
32157
32158
32159
32160
32161
32162
32163
32164
32165
32166
32167
32168
32169
32170
32171
32172
32173
32174
32175
32176
32177
32178
32179
32180
32181
32182
32183
32184
32185
32186
32187
32188
32189
32190
32191
32192
32193
32194
32195
32196
32197
32198
32199
32200
32201
32202
32203
32204
32205
32206
32207
32208
32209
32210
32211
32212
32213
32214
32215
32216
32217
32218
32219
32220
32221
32222
32223
32224
32225
32226
32227
32228
32229
32230
32231
32232
32233
32234
32235
32236
32237
32238
32239
32240
32241
32242
32243
32244
32245
32246
32247
32248
32249
32250
32251
32252
32253
32254
32255
32256
32257
32258
32259
32260
32261
32262
32263
32264
32265
32266
32267
32268
32269
32270
32271
32272
32273
32274
32275
32276
32277
32278
32279
32280
32281
32282
32283
32284
32285
32286
32287
32288
32289
32290
32291
32292
32293
32294
32295
32296
32297
32298
32299
32300
32301
32302
32303
32304
32305
32306
32307
32308
32309
32310
32311
32312
32313
32314
32315
32316
32317
32318
32319
32320
32321
32322
32323
32324
32325
32326
32327
32328
32329
32330
32331
32332
32333
32334
32335
32336
32337
32338
32339
32340
32341
32342
32343
32344
32345
32346
32347
32348
32349
32350
32351
32352
32353
32354
32355
32356
32357
32358
32359
32360
32361
32362
32363
32364
32365
32366
32367
32368
32369
32370
32371
32372
32373
32374
32375
32376
32377
32378
32379
32380
32381
32382
32383
32384
32385
32386
32387
32388
32389
32390
32391
32392
32393
32394
32395
32396
32397
32398
32399
32400
32401
32402
32403
32404
32405
32406
32407
32408
32409
32410
32411
32412
32413
32414
32415
32416
32417
32418
32419
32420
32421
32422
32423
32424
32425
32426
32427
32428
32429
32430
32431
32432
32433
32434
32435
32436
32437
32438
32439
32440
32441
32442
32443
32447
32448
32465
32466
32467
32468
32469
32470
32471
32472
32473
32474
32475
32476
32477
32478
32481
32485
32488
32492
32496
32497
32514
32515
32516
32517
32518
32519
32520
32521
32522
32523
32524
32525
32526
32527
32530
32534
32537
32541
32545
32546
32563
32564
32565
32566
32567
32568
32569
32570
32571
32572
32573
32574
32575
32576
32579
32583
32586
32590
32594
32595
32612
32613
32614
32615
32616
32617
32618
32619
32620
32621
32622
32623
32624
32625
32628
32632
32635
32639
32643
32644
32661
32662
32663
32664
32665
32666
32667
32668
32669
32670
32671
32672
32673
32674
32677
32681
32684
32688
32692
32693
32710
32711
32712
32713
32714
32715
32716
32717
32718
32719
32720
32721
32722
32723
32726
32730
32733
32737
32741
32742
32759
32760
32761
32762
32763
32764
32765
32766
32767
)


// ************************************************************************* //
