2272
(
0.000000010
0.000000000
0.000000000
0.000000000
0.000000000
0.000000000
0.000000000
0.000000000
0.000000000
0.000000000
0.000000000
0.000000000
0.000000000
0.000000000
0.000000000
0.000000000
0.000000000
0.000000000
0.000000000
0.000000000
0.000000000
0.000000000
0.000000000
0.000000000
0.000000000
0.000000000
0.000000000
0.000000000
0.000000000
0.000000000
0.000000000
0.000000000
0.000000000
0.000000000
0.000000000
0.000000000
0.000000000
0.000000000
0.000000000
0.000000000
0.000000000
0.000000000
0.000000000
0.000000000
0.000000000
0.000000000
0.000000000
0.000000000
0.000000000
0.000000000
0.000000000
0.000000000
0.000000000
0.000000000
0.000000000
0.000000000
0.000000000
0.000000000
0.000000000
0.000000000
0.000000000
0.000000000
0.000000000
0.000000000
0.000000000
0.000000000
0.000000000
0.000000000
0.000000000
0.000000000
0.000000000
0.000000000
0.000000000
0.000000000
0.000000000
0.000000000
0.000000000
0.000000000
0.000000000
0.000000000
0.000000000
0.000000000
0.000000000
0.000000000
0.000000000
0.000000000
0.000000000
0.000000000
0.000000000
0.000000000
0.000000000
0.000000000
0.000000000
0.000000000
0.000000000
0.000000000
0.000000000
0.000000000
0.000000000
0.000000000
0.000000000
0.000000000
0.000000000
0.000000000
0.000000000
0.000000000
0.000000000
0.000000000
0.000000000
0.000000000
0.000000000
0.000000000
0.000000000
0.000000000
0.000000000
0.000000000
0.000000000
0.000000000
0.000000000
0.000000000
0.000000000
0.000000000
0.000000000
0.000000000
0.000000000
0.000000000
0.000000000
0.000000000
0.000000000
0.000000000
0.000000000
0.000000000
0.000000000
0.000000000
0.000000000
0.000000000
0.000000000
0.000000000
0.000000000
0.000000000
0.000000000
0.000000000
0.000000000
0.000000000
0.000000000
0.000000000
0.000000000
0.000000010
0.000000010
0.000000000
0.000000000
0.000000000
0.000000000
0.000000000
0.000000000
0.000000000
0.000000000
0.000000000
0.000000010
0.000000010
0.000000000
0.000000000
0.000000000
0.000000000
0.000000000
0.000000000
0.000000000
0.000000000
-0.000000030
-0.000000020
-0.000000020
0.000000000
0.000000000
0.000000000
0.000000000
0.000000010
0.000000010
0.000000000
0.000000010
0.000000000
-0.000000030
-0.000000030
0.000000000
0.000000010
0.000000000
0.000000000
0.000000000
0.000000000
0.000000000
0.000000110
-0.000000070
0.000000110
0.000000030
-0.000000020
0.000000000
0.000000010
-0.000000010
-0.000000020
-0.000000020
0.000000000
-0.000000030
0.000000080
0.000000130
0.000000040
-0.000000010
0.000000000
0.000000000
0.000000000
0.000000000
0.000000000
-0.000000150
0.000000530
-0.000000490
-0.000000290
0.000000050
0.000000040
-0.000000030
0.000000000
0.000000080
0.000000080
0.000000050
0.000000160
-0.000000080
-0.000000480
-0.000000350
0.000000020
0.000000040
-0.000000010
0.000000000
0.000000000
0.000000000
-0.000000530
-0.000001750
0.000001360
0.000001790
0.000000240
-0.000000310
0.000000070
0.000000080
-0.000000150
-0.000000360
-0.000000230
-0.000000330
-0.000000430
0.000001140
0.000001950
0.000000440
-0.000000280
0.000000020
0.000000020
-0.000000010
0.000000000
0.000004150
0.000002700
-0.000001000
-0.000007790
-0.000003760
0.000001090
0.000000360
-0.000000540
0.000000150
0.000000970
0.000001390
0.000000550
0.000001850
-0.000000200
-0.000007600
-0.000004810
0.000000830
0.000000280
-0.000000160
0.000000050
0.000000000
-0.000011840
0.000000940
-0.000012490
0.000021290
0.000027080
0.000000140
-0.000003220
0.000000760
0.000001810
-0.000003040
-0.000003810
-0.000005500
-0.000000520
-0.000010200
0.000016430
0.000031140
0.000002140
-0.000002790
0.000000680
-0.000000090
-0.000000070
0.000012290
-0.000009260
0.000063460
-0.000001110
-0.000132460
-0.000039900
0.000017890
-0.000000900
-0.000002070
-0.000006080
0.000025220
0.000012480
0.000003150
0.000013240
0.000030400
-0.000142110
-0.000050860
0.000013620
-0.000000810
-0.000000490
0.000000510
0.000027730
-0.000025400
-0.000144770
-0.000384210
-0.000303070
0.000377560
0.000648330
0.000554400
0.000149810
0.000006470
-0.000083740
-0.000003030
-0.000005160
0.000031910
-0.000003440
-0.000028910
0.000004650
-0.000407800
0.000034080
-0.000196600
0.000010330
-0.000070500
0.000007050
-0.000027140
-0.000011500
0.000310270
-0.000106760
0.001763640
-0.000179740
0.000736340
0.000104690
0.000056730
-0.000061760
0.000001610
-0.000015220
0.000004470
-0.000001840
0.000081010
-0.000055820
-0.000136770
-0.000960850
-0.002173320
-0.006072610
-0.001129450
-0.002379000
-0.006622270
0.000062110
-0.002137650
-0.000004520
-0.000011700
-0.000000040
0.000043580
-0.000026530
-0.000226380
0.000256780
-0.000044920
0.000690180
0.002198410
0.000283290
0.000548290
0.000212280
0.000068840
0.000512000
-0.000356190
-0.000978350
-0.001646820
-0.004218040
-0.008516000
-0.000460250
-0.001175140
0.000026230
0.000068360
-0.000014450
0.000136570
-0.000020360
0.000002580
0.000143950
-0.000089630
0.000008630
-0.001743400
-0.001200810
-0.001543100
0.000326640
-0.006362070
-0.005547590
-0.005990800
-0.000179170
-0.005262970
-0.003401960
-0.002133530
-0.003852550
-0.001114570
-0.000470000
0.000646810
0.000006500
-0.000038920
0.000006550
0.000076720
0.000180050
-0.000129630
-0.000205140
-0.000202090
-0.000056420
-0.000336640
-0.001105490
-0.000082880
0.000412810
-0.000413120
-0.001504660
-0.000811380
0.000056510
0.001524350
0.001961250
0.001458490
0.000646240
0.000645670
0.001573630
0.000097660
-0.000336880
-0.000985620
-0.000090180
0.000512460
0.000120480
-0.000815740
-0.000783620
-0.000111000
0.000157580
-0.001377630
-0.002597380
-0.000513970
0.000393120
-0.006187970
-0.008063250
-0.006129560
-0.003788580
-0.004813250
-0.005911000
-0.006562030
-0.005969300
0.000103850
-0.000541350
-0.000590420
-0.000334290
-0.000015930
-0.000004190
0.000048290
0.000006320
0.000216570
-0.000127470
-0.000200850
-0.002083850
-0.001731840
-0.001959520
-0.000126860
-0.006565720
-0.006091330
-0.007081480
-0.000874790
-0.003635000
-0.001918500
-0.002128060
-0.003853260
0.001326270
0.001549500
0.001556210
0.000641010
0.000174410
0.000293610
0.000573210
0.000744140
-0.000122160
-0.000085020
0.000010610
0.000156300
0.000593130
0.000790960
0.000941580
0.000872070
0.000517720
0.000893500
0.001488050
0.000987210
0.000746850
0.000503690
0.000107090
0.000001500
0.000367440
-0.000052220
-0.000201610
-0.001333050
0.000190100
0.000178010
0.000211000
0.000551420
-0.000577710
-0.000423620
0.000092980
0.000187400
0.001728390
0.003037700
0.002897780
0.002016360
0.000298710
-0.002074490
-0.001747220
0.000763750
-0.005694160
-0.006566240
-0.006751140
-0.006030390
-0.000192780
-0.000941810
-0.000847790
-0.000292170
-0.000055120
-0.000216480
0.000139190
0.000020290
0.000298170
-0.000175030
-0.000442490
-0.002477110
-0.002183670
-0.002357730
-0.000991770
-0.007426450
-0.006970730
-0.008055490
-0.001667890
-0.004450450
-0.002896230
-0.003042190
-0.004728260
-0.000539380
0.000157540
-0.000280200
-0.000811530
0.001219080
0.001182230
0.000640350
0.000529430
0.000551570
0.000544020
0.000616550
0.000818430
0.000044260
0.000069300
-0.000015340
-0.000009820
0.000187130
-0.000801960
-0.000431600
0.000012860
0.001137470
0.000625000
0.001331450
0.001998230
0.001791840
0.001032840
0.000423920
0.001170860
0.000249620
-0.000370440
-0.000733100
0.000379130
0.001991190
0.000490080
0.000453340
0.002085180
0.001325360
0.003175470
0.000196330
-0.000863510
0.000157030
-0.001620970
-0.001589860
-0.000014990
-0.005825710
-0.007490860
-0.008276040
-0.006497190
-0.000230120
-0.001064310
-0.001671380
-0.001363780
0.000026180
-0.001188610
0.000386580
0.000014090
0.000438250
-0.000295140
-0.000761200
-0.003189430
-0.002542010
-0.002656440
-0.001524990
-0.008401530
-0.007815530
-0.008707290
-0.002034680
-0.005283430
-0.003582690
-0.003632430
-0.005413880
-0.001283250
-0.001330400
-0.001120310
-0.001304420
-0.002787510
-0.002637990
-0.001922700
-0.001848190
0.000178460
0.000547270
-0.001575720
-0.001951340
0.000189270
0.000122770
0.000346150
0.000401530
0.000075780
-0.000376910
-0.000083180
-0.000063170
0.002814820
0.001145050
0.000671160
0.002281660
-0.000993720
-0.001283330
-0.002308740
-0.002076230
-0.002345280
-0.001528350
-0.004059870
-0.003913180
0.000443480
-0.000987530
-0.004378870
-0.003313040
-0.002109130
-0.000971450
-0.000309320
-0.001531110
-0.000527320
-0.001596540
-0.001836550
-0.000738820
-0.006589060
-0.009214940
-0.009770850
-0.007048560
-0.001698970
-0.002221560
-0.002581690
-0.002717350
0.000212100
-0.002321990
0.000030830
-0.000046950
0.000720110
-0.000370820
-0.001349330
-0.004468650
-0.002989580
-0.003342420
-0.001799600
-0.009064790
-0.008517360
-0.009658090
-0.002780340
-0.005644570
-0.003899200
-0.003928790
-0.005848650
-0.001190360
-0.000648860
-0.000434240
-0.001003500
0.000093980
0.000149940
0.000539970
0.000417660
-0.001263570
-0.001935120
-0.000285440
-0.000014840
-0.002556230
-0.001655130
-0.000855650
-0.001086970
0.000453170
-0.000155370
0.000342950
0.000358320
0.000633200
0.000540700
0.000250580
0.000005440
-0.003216310
-0.003472560
-0.005325460
-0.004227110
-0.006290200
-0.006811360
-0.004832230
-0.004690680
-0.004275760
-0.003106420
-0.001680780
-0.002817130
0.000114600
0.000410470
0.000252230
0.000166250
-0.001286420
-0.002579040
-0.002823380
-0.001587020
-0.007885510
-0.010671790
-0.011213030
-0.008344810
-0.003041170
-0.003306710
-0.003785830
-0.004315400
0.000657050
-0.003889510
-0.000749390
-0.000208990
0.000830190
-0.000580540
-0.002235830
-0.006327500
-0.004180520
-0.004577620
-0.003045770
-0.010113850
-0.009638170
-0.010941160
-0.004209300
-0.006431580
-0.004345400
-0.004459140
-0.006687360
-0.000665850
0.000157670
0.000380640
-0.000498280
0.001572920
0.001967220
0.002589700
0.002127620
0.002545080
0.002759120
0.003710400
0.003520660
0.002427810
0.002496580
0.003651230
0.003673850
0.000967910
0.000089620
0.001661380
0.002208250
-0.000088190
-0.000364070
0.001989800
0.002264680
-0.000941940
-0.000802140
0.001816640
0.001769760
0.000479170
0.000621810
0.002515580
0.002452310
0.001508980
0.001683570
0.002618220
0.002534830
0.001277880
0.000622410
0.001005540
0.001705590
-0.001921160
-0.003252950
-0.003123360
-0.001817380
-0.008845200
-0.011772920
-0.012073600
-0.009031230
-0.004638560
-0.004852240
-0.005883750
-0.006168040
0.000733640
-0.006868620
-0.002313140
-0.000437410
0.000632250
-0.000735230
-0.003863810
-0.006942190
-0.005697700
-0.006091420
-0.004268840
-0.010893930
-0.010037860
-0.010608950
-0.005176350
-0.006601810
-0.004221090
-0.003854500
-0.006354450
0.000422820
0.001547060
0.002157650
0.001022310
0.003925890
0.004772920
0.005668510
0.004863840
0.006502210
0.007182030
0.008558320
0.007891360
0.008097700
0.008335780
0.010220840
0.010060610
0.007345710
0.006847250
0.008509910
0.009150870
0.007111640
0.007395620
0.008762980
0.008724130
0.007563110
0.007495420
0.008804400
0.009012700
0.007034200
0.006707260
0.007857180
0.008261510
0.005539720
0.005038290
0.005962800
0.006549330
0.003325160
0.002571610
0.003285430
0.004062480
-0.000533630
-0.002008030
-0.001324540
0.000124040
-0.008054690
-0.011082850
-0.010718590
-0.007611310
-0.006544620
-0.007486360
-0.007675800
-0.007100720
0.000627200
-0.007568810
-0.004376810
-0.000883350
0.000791430
-0.000430740
-0.004807260
-0.006448230
-0.006900500
-0.006723890
-0.005433820
-0.009971710
-0.009198330
-0.009521510
-0.005830880
-0.005229290
-0.002623780
-0.002184850
-0.004900010
0.002945850
0.004378380
0.005092090
0.003611930
0.007909570
0.009121870
0.010237760
0.009014490
0.012274140
0.013421370
0.014842830
0.013782160
0.015043980
0.015279490
0.016394530
0.016583890
0.011951000
0.010517250
0.009560670
0.011816520
0.012070700
0.012670460
0.013646380
0.012947050
0.013251790
0.013202960
0.014651490
0.014848750
0.012329560
0.011897670
0.013393330
0.013947760
0.010139970
0.009463410
0.010874080
0.011645240
0.007072740
0.006119650
0.007359060
0.008396300
0.002548760
0.000946170
0.001924380
0.003576560
-0.005651910
-0.008818240
-0.008315570
-0.005015270
-0.006529860
-0.007790010
-0.007248170
-0.006179250
0.000649070
-0.006566740
-0.004670890
-0.001005030
-0.005602470
-0.006836490
-0.005766910
-0.005736910
-0.003551850
-0.005816020
-0.000632550
-0.002109280
0.000687800
0.000767180
0.001035980
-0.001824600
0.000050060
0.000012060
0.001027870
0.000357990
-0.000394340
0.001344130
0.000000950
0.000011160
0.000281780
-0.000322460
-0.000240190
-0.000453010
0.000781830
0.000333730
0.000731430
0.000593910
0.000615260
-0.000169640
0.000992390
0.000613750
0.000978760
0.001151130
0.000729060
0.000938440
0.000195930
0.001620390
0.000532490
0.000511630
0.000791410
0.000432540
-0.000410830
0.000325290
0.000284450
-0.000544790
-0.000440080
0.000472630
-0.000253560
-0.001772200
-0.000084400
0.000571520
0.000648770
0.000201250
-0.000125180
-0.001276310
0.000559230
0.001347910
0.001350990
0.000779910
0.000710100
-0.000870910
0.001908500
0.002214120
0.002263390
0.001400100
-0.001557280
-0.004157820
0.003016240
0.002327400
-0.000229300
0.003267640
-0.006533940
-0.004083930
-0.005830300
-0.006419250
-0.006590800
-0.002593260
-0.006513790
-0.004551950
-0.005914780
-0.005901150
-0.005141610
-0.007129660
-0.006052590
-0.006605860
-0.006594750
-0.004342410
-0.006768690
0.000215890
-0.001066750
-0.001062280
-0.000781500
-0.002706690
0.001382470
0.002106370
0.001516450
0.001322160
-0.000165850
0.000707460
0.001168570
0.001015320
0.000525500
0.001425330
0.000869450
-0.000323140
0.000560980
-0.000353370
0.000521210
0.001101990
0.000029260
-0.000346160
-0.000260870
-0.000415320
0.000300970
0.002892450
0.001199850
-0.000295250
0.000368750
0.000699510
0.001880870
0.002304480
0.003218690
-0.000425970
-0.000012020
0.000743480
0.000353060
-0.000768010
0.002520050
0.000106580
0.002615180
0.000879370
0.000681690
0.000946600
0.001839690
-0.000296550
0.000497200
0.002116590
0.000228120
0.003497550
0.002360850
0.002874040
0.000597490
0.004645010
-0.005667010
-0.005156710
-0.005267070
-0.006195170
-0.001467910
-0.006795890
-0.005212150
-0.007381430
-0.005956790
-0.007434250
-0.006946140
-0.007544360
-0.007603400
-0.005271280
-0.007673270
-0.001229050
-0.001540270
-0.001557040
-0.001369150
-0.003497740
0.001721460
-0.002365610
-0.003125360
-0.003919700
-0.001510460
0.001407740
0.000199020
0.000147290
0.000609800
-0.003758730
0.000132770
0.000813290
0.000337250
0.000074330
0.000950450
-0.000067470
0.000198700
0.000014590
0.000178000
-0.000020090
0.004045760
0.004199580
0.004378540
0.002816790
-0.001062460
0.001522820
-0.000883250
-0.000024630
-0.000110600
0.001324140
-0.002547480
-0.002299730
-0.001126820
-0.000252780
-0.000247540
0.003769340
0.001909170
0.003162980
0.001416950
0.000414350
-0.001376540
-0.002660490
-0.003277450
-0.002765830
-0.000081570
0.001325760
0.000162090
0.000356110
-0.000290280
-0.001430230
-0.005175200
-0.004684380
-0.004758350
-0.006829180
-0.001320430
-0.009570940
-0.007031140
-0.010083930
-0.008786810
-0.009206540
-0.007762460
-0.008050410
-0.008039460
-0.005600560
-0.008148540
-0.001569800
-0.001811020
-0.001903090
-0.001408030
-0.003781500
-0.001639650
0.000104250
-0.000264240
-0.000280510
-0.000931050
-0.001526110
-0.000578290
-0.001860790
-0.003286220
-0.000306680
0.000757240
-0.002409680
-0.004006100
-0.003459770
-0.004247540
0.000588760
0.001431960
0.000941290
0.000525980
-0.002443660
0.003699720
-0.000177740
0.000220000
-0.000091960
-0.000091220
-0.001842080
-0.002012870
-0.002656540
-0.003752230
-0.000110490
-0.003617150
-0.004633480
-0.005591510
-0.006938950
-0.004591760
-0.001111510
-0.005540130
-0.007208250
-0.005773300
-0.008011460
-0.003043450
-0.000713400
-0.001444030
-0.000395920
-0.004504320
0.000271850
-0.000175090
-0.000115270
-0.001214330
0.000522140
-0.004855690
-0.005836360
-0.005599800
-0.007781790
-0.002385730
-0.011358020
-0.009498820
-0.011886100
-0.010578290
-0.010467610
-0.008359730
-0.009006380
-0.008931750
-0.006258550
-0.009182680
-0.001669770
-0.001530160
-0.001532710
-0.000712360
-0.004133970
0.000371030
0.001275170
0.000889180
0.001078950
0.000037100
0.000489760
0.002555560
0.001697350
0.001698920
0.001332950
-0.000895440
0.002891130
0.001833530
0.001399210
0.001860280
0.001906630
0.002150770
0.000137360
-0.001758910
0.001310010
0.000073600
0.000676260
-0.002307730
-0.002969080
-0.002519640
-0.002496010
-0.000641080
-0.003812890
-0.003979180
-0.003247870
-0.004655590
0.000117190
-0.002101400
-0.001591900
-0.003682160
-0.003966750
0.001137780
-0.000391270
0.000083320
-0.001252750
0.000107320
0.001797850
0.001010860
0.000594190
0.000579020
-0.000426170
-0.000896400
-0.001009780
-0.002027950
0.000241970
-0.006097610
-0.006662980
-0.006529370
-0.008845220
-0.003242360
-0.012890830
-0.011235830
-0.013153640
-0.012018490
-0.011721380
-0.009416830
-0.009468630
-0.009809580
-0.006843590
-0.010290070
-0.001445850
-0.000759530
-0.001145340
0.000003940
-0.004421010
0.001716440
0.003305960
0.002670580
0.003310920
0.001058570
0.003440450
0.006172240
0.005139540
0.005480300
0.004029960
0.004006600
0.008222250
0.006539750
0.006462930
0.005973190
0.003602470
0.008304570
0.006252040
0.005273440
0.006613660
0.002829890
0.007520700
0.005849240
0.005726660
0.005000790
0.002008340
0.007901240
0.006346460
0.006134810
0.006113040
0.002383960
0.007413770
0.006079930
0.005780030
0.006223610
0.002619800
0.006069030
0.004986270
0.004524650
0.005600240
0.002424120
0.004006810
0.003335480
0.002685140
0.004196680
-0.000674420
0.000694370
0.000079960
-0.001145710
0.001987360
-0.006631880
-0.005693970
-0.006151610
-0.008610910
-0.002539340
-0.013577950
-0.012353140
-0.012631750
-0.012223410
-0.011649210
-0.009387790
-0.008263440
-0.008690130
-0.005530470
-0.009560750
-0.000238480
0.001416360
0.000972520
0.002428880
-0.002853940
0.004100090
0.006846130
0.005997390
0.007021070
0.003796310
0.007357710
0.011413120
0.010107770
0.011016890
0.008129370
0.010061830
0.015249510
0.013697300
0.013885450
0.012122850
0.010380340
0.014644270
0.013687450
0.012026970
0.014371400
0.009151750
0.012442070
0.011737600
0.011627110
0.011413280
0.009420120
0.013732090
0.012407990
0.012053220
0.012187180
0.008755080
0.012943750
0.011528180
0.011020180
0.012008190
0.007201720
0.010911210
0.009604540
0.008909220
0.010645440
0.004803740
0.007988000
0.006808120
0.005975990
0.008277950
0.001414820
0.003910980
0.003029150
0.001707330
0.005119070
-0.005058200
-0.003081650
-0.003677390
-0.006319290
0.000220220
-0.011696120
-0.011412270
-0.010723980
-0.010581810
-0.009474440
-0.008096950
-0.005009600
-0.008104700
-0.007872050
-0.004654830
-0.005614680
-0.009010930
-0.009941220
0.002025400
0.003783640
0.002016470
0.002454710
0.004193770
-0.001860020
-0.002332120
0.007836960
0.009835950
0.008463010
0.008807120
0.010187370
0.005860270
0.005467850
0.012850060
0.015139150
0.013969160
0.014288310
0.015488670
0.011670850
0.011372030
0.016984630
0.017674000
0.017722720
0.018241150
0.018276440
0.016908730
0.016616960
0.015770730
0.008070920
0.012338300
0.014269830
0.008550940
0.018727790
0.018194190
0.013207970
0.011316730
0.008306580
0.012099940
0.013511520
0.001247840
-0.004246150
0.015277220
0.016339490
0.016273320
0.016819010
0.016896070
0.015623640
0.014607370
0.014597480
0.016096870
0.016659410
0.016809360
0.016273330
0.017370480
0.017127400
0.012443390
0.013861350
0.014673080
0.014686490
0.013896220
0.015995230
0.015952650
0.009378390
0.010591770
0.011631340
0.011554420
0.010510360
0.013277870
0.013317130
0.005045420
0.005503740
0.007078170
0.006950420
0.005354700
0.009528410
0.009645960
-0.002232060
-0.003294340
-0.000552470
-0.000721200
-0.003606410
0.003680930
0.003822820
-0.009342270
-0.009542750
-0.004559330
-0.008288760
-0.008223980
-0.006892990
-0.006406670
-0.002139290
-0.000175750
-0.000023430
0.000122520
0.000575200
-0.000439240
0.001363970
0.000280090
-0.000129110
-0.001032910
-0.001897160
-0.007638990
-0.001512310
-0.000178450
-0.001659010
-0.003162270
0.000160240
0.001349380
0.001042700
0.000543260
0.000092250
-0.000423530
0.000401970
-0.000808320
-0.000462710
0.000068230
-0.000060400
-0.000149690
0.000583590
0.001394710
0.000806970
0.000665090
-0.000651970
-0.000486080
-0.000218490
0.000320000
0.001095090
-0.000127510
0.000882700
0.000241280
-0.000065390
0.000154750
-0.000288410
-0.000708640
0.000177900
0.001400530
0.001009880
0.000873300
-0.000449060
0.001098130
0.000859140
0.001077230
-0.000382500
0.002179360
0.001828020
0.001979000
-0.007745200
-0.005997480
-0.004036230
-0.001451620
-0.007213350
-0.007058290
-0.000323760
-0.000738960
-0.001345680
-0.002477200
-0.004011080
0.001914750
0.001735070
0.001450990
0.000254090
-0.000602310
0.000674630
0.000873910
0.001138180
0.000998480
0.001075760
0.000399760
0.000486920
0.000691050
0.000277350
0.000324290
0.001051090
0.001071840
0.001139050
0.001212350
0.001223500
0.000647120
0.001080060
0.001853910
0.001433290
0.000833390
0.000047740
0.000154410
0.000751600
-0.000444370
-0.000967250
-0.000158240
0.000130190
-0.000148940
-0.001659090
0.004466840
-0.000230540
-0.000343560
0.000024210
0.000852930
0.001523020
0.000779000
0.000101170
-0.000601040
0.000162870
-0.000371640
0.004733640
0.004723460
0.004756000
0.003626760
0.002524640
-0.004379260
-0.003936160
-0.003711850
-0.001543060
0.000813690
-0.007099090
-0.006300930
-0.001693600
-0.001940990
-0.002130580
-0.003354290
-0.004940000
0.001501380
0.000694580
-0.001306620
-0.001078010
-0.001213890
0.001514700
0.001028980
-0.000330420
-0.002552880
-0.003984830
0.000554410
0.000599050
0.000501800
0.000669070
0.000937200
0.000109240
-0.000006430
-0.000000660
0.000039600
-0.000122660
0.003083220
-0.002546600
0.003932910
-0.000674840
0.000260330
0.001064580
0.001096440
0.000819930
0.001522310
0.002514050
-0.001028920
-0.001298660
-0.000561470
0.000174750
0.000648520
0.001018700
0.001027050
0.003126950
-0.001080630
0.001514400
-0.000856670
-0.000909470
-0.002045250
0.000000020
0.001897330
0.004450930
0.002003750
0.000047610
-0.001437890
-0.002899950
-0.003682650
-0.003424810
-0.003073620
-0.001414880
-0.000151070
-0.008892730
-0.006777620
-0.002213670
-0.002384410
-0.002582290
-0.003758130
-0.005374150
-0.001590190
-0.001284770
-0.000855730
-0.001110570
-0.001402140
-0.001459540
-0.001347110
-0.001756240
-0.001223440
-0.001005100
0.001296940
-0.000651400
-0.005067160
-0.004771300
-0.004502130
0.000323090
0.000432300
0.000200500
-0.001337890
-0.003230230
0.002577650
-0.001649760
0.000405050
0.000024520
-0.000328310
-0.000232960
-0.000699470
-0.001322730
0.000006940
0.001190440
-0.001781470
-0.002935400
-0.004377350
-0.003793120
-0.003371440
0.000265910
-0.002595670
-0.006976840
-0.006320010
-0.005814810
-0.001958650
-0.003254890
-0.004112740
-0.005530370
-0.006749590
0.000088390
0.000265430
0.000616370
0.000197550
-0.000773110
-0.002974420
-0.003206870
-0.003529100
-0.002171150
-0.000974470
-0.010046160
-0.007399670
-0.002573890
-0.002639830
-0.002591260
-0.004043240
-0.005867470
-0.000072630
0.000087340
0.000288430
-0.000200810
-0.000787640
0.000091370
0.000568710
0.001016230
0.000842170
0.000691440
-0.002053890
-0.000474390
0.000977250
0.000856660
0.000936480
0.000391510
0.000348620
-0.000074770
0.000066390
0.000155160
-0.000082990
0.000563840
-0.002588960
0.002019120
-0.003310760
-0.000314060
-0.001164420
-0.004619120
-0.003654980
-0.003297830
-0.003540130
-0.004205570
-0.005102580
-0.005687580
-0.006068630
-0.006160240
-0.004502910
-0.002681000
-0.003165920
-0.003587100
-0.002199800
-0.000923490
0.000183210
-0.000543690
-0.001329160
0.000637020
0.000228010
-0.000230250
-0.000002880
0.000192750
-0.003994980
-0.004287080
-0.004534630
-0.003123220
-0.001914820
-0.011349840
-0.008503590
-0.002621230
-0.002769380
-0.002755270
-0.004559480
-0.006736730
0.000875640
0.001126990
0.001485700
0.000643560
-0.000287470
0.002421630
0.003108690
0.003874200
0.003283260
0.002730150
0.003088910
0.004034830
0.005101200
0.004782540
0.004514830
0.002805400
0.003939680
0.005089140
0.004965770
0.004916630
0.000873720
0.002554060
0.003922480
0.003138760
0.003240580
-0.000131650
0.002207690
0.004391800
0.004110180
0.004287900
-0.000369040
0.002083670
0.004437400
0.004210910
0.004231810
0.000785820
0.002538210
0.004158120
0.004197500
0.004349240
0.002011280
0.002682620
0.003251210
0.003375630
0.003557830
-0.000018520
0.000262730
0.000618800
0.001414840
0.002124060
-0.004811000
-0.004735880
-0.004513240
-0.002938220
-0.001585410
-0.011816320
-0.008792480
-0.002191030
-0.001859010
-0.001270450
-0.003351750
-0.005767900
0.002583950
0.003218880
0.004071180
0.002968080
0.001785780
0.005667900
0.006614870
0.007842780
0.006871960
0.005960900
0.007969060
0.009477840
0.011330270
0.010320800
0.009481220
0.008702100
0.010634200
0.012799490
0.012379010
0.012179140
0.007483040
0.009103160
0.010735780
0.010258020
0.010947580
0.007963580
0.009376460
0.011023370
0.010510360
0.010494760
0.007575700
0.008908470
0.010429450
0.010424060
0.010591300
0.006463820
0.007633610
0.008924830
0.009236420
0.009640080
0.004588840
0.005448440
0.006459110
0.007066620
0.007688700
0.001742310
0.002447940
0.003294740
0.004154430
0.004956070
-0.003700570
-0.003052400
-0.002240240
-0.000561230
0.000925300
-0.009894730
-0.006821430
-0.006589750
-0.000359590
0.000066340
0.000618230
-0.001767300
-0.004350280
0.005713100
0.006502510
0.007375040
0.005818980
0.004330410
0.010378010
0.011591680
0.012866590
0.011381890
0.010123950
0.014675700
0.016144330
0.017705950
0.016357980
0.015297640
0.015674170
0.016728240
0.018094250
0.018003760
0.018297590
0.011934960
0.011928380
0.012485710
0.010039140
0.011982160
0.013715730
0.014962340
0.016669720
0.015330830
0.014286110
0.013265890
0.014843200
0.016730400
0.016521990
0.016630270
0.011510360
0.013037540
0.014796890
0.015150610
0.015743110
0.008777390
0.010204210
0.011838960
0.012494130
0.013321720
0.005081670
0.006285650
0.007717620
0.008789350
0.009925710
-0.000895080
0.000004170
0.001153830
0.003056830
0.004853270
-0.007264490
-0.003973750
-0.006155380
-0.005264770
0.000391830
-0.000291550
0.000548610
0.001410200
-0.000260700
-0.000215340
0.000679320
0.000220330
0.001157050
0.001261720
-0.000087940
0.000293490
-0.000962210
-0.000001300
0.000593260
0.000539220
0.001005740
0.001238480
0.001851090
0.001341850
0.000694050
0.003691660
-0.006986840
-0.004916760
-0.006204940
-0.000667300
-0.001639930
0.001401080
0.001116320
0.000924300
0.001422460
0.001012410
0.000708970
0.000853840
-0.000121760
0.000650500
0.002098790
0.002279590
0.001012050
0.000474810
0.000116310
-0.000099970
0.000699260
0.001915640
-0.000120070
0.003164190
0.004661940
-0.005425760
-0.003576450
-0.007174590
-0.001479030
-0.002280300
-0.001962310
-0.001925980
0.000644740
-0.001671810
-0.000006560
0.000772620
-0.000051760
0.000111840
0.004211860
0.002526480
0.000852250
0.000370010
-0.000842920
-0.000906840
0.003473960
0.002320310
-0.003056330
-0.001877210
0.000632020
-0.000264000
-0.005032430
-0.002877920
-0.007735000
-0.001835890
-0.002657940
-0.000926450
-0.000492980
-0.002759540
-0.000878640
-0.003478640
-0.004073630
0.000783740
-0.000255360
0.001543490
-0.000112600
-0.002499160
-0.001091070
-0.004985570
-0.004943550
-0.005940280
-0.007607160
-0.002509380
-0.003134190
0.000050140
0.000576800
-0.005302100
-0.003832760
-0.008459400
-0.001595960
-0.002652260
0.000553130
0.000548760
0.001090740
0.001601720
0.000584120
0.002031330
-0.000244930
0.001215250
0.000394490
-0.002059680
-0.004685270
-0.003265380
-0.003957770
-0.003041830
-0.002146040
-0.000865240
0.000403500
0.001024790
-0.000855250
-0.000274440
-0.006364270
-0.004749530
-0.009544900
-0.001392420
-0.002588850
0.002158060
0.001955360
0.004260060
0.004693610
0.005137470
0.006414360
0.004646170
0.006760820
0.004422830
0.005651480
0.004357250
0.006340410
0.004399170
0.006213420
0.003859290
0.005370640
0.002821980
0.003833050
-0.000399050
0.001134620
-0.006492080
-0.004199800
-0.008850810
0.000362410
-0.000795590
0.005040470
0.004939250
0.008705190
0.009160210
0.011953400
0.013104440
0.012308330
0.014526240
0.010713010
0.011776630
0.010961010
0.012551360
0.010135520
0.011906010
0.008382120
0.010219910
0.005744170
0.007598290
0.002198230
0.004147520
-0.004364340
-0.001587890
-0.007579260
0.002520790
-0.000019420
0.000394280
0.008711840
0.006972530
0.007334100
0.014069490
0.012730480
0.013015320
0.018253250
0.017622970
0.017882020
0.016403260
0.017336900
0.017822820
0.013911970
0.006418040
0.009505720
0.016787140
0.016028500
0.016575740
0.016265260
0.017114030
0.017229910
0.014035130
0.015375950
0.015382380
0.010862880
0.012498640
0.012432890
0.006301690
0.008415910
0.008278450
-0.001285310
0.001797040
0.001601100
)
