
2272
(
(-0.5 -0.3 -0.1)
(-0.5 -0.27 -0.1)
(-0.470833 -0.27 -0.1)
(-0.470833 -0.3 -0.1)
(-0.5 -0.24 -0.1)
(-0.470833 -0.24 -0.1)
(-0.5 -0.21 -0.1)
(-0.470833 -0.21 -0.1)
(-0.5 -0.18 -0.1)
(-0.470833 -0.18 -0.1)
(-0.5 -0.15 -0.1)
(-0.470833 -0.15 -0.1)
(-0.5 -0.12 -0.1)
(-0.470833 -0.12 -0.1)
(-0.5 -0.09 -0.1)
(-0.470833 -0.09 -0.1)
(-0.5 -0.06 -0.1)
(-0.470833 -0.06 -0.1)
(-0.5 -0.03 -0.1)
(-0.470833 -0.03 -0.1)
(-0.5 0 -0.1)
(-0.470833 0 -0.1)
(-0.5 0.03 -0.1)
(-0.470833 0.03 -0.1)
(-0.5 0.06 -0.1)
(-0.470833 0.06 -0.1)
(-0.5 0.09 -0.1)
(-0.470833 0.09 -0.1)
(-0.5 0.12 -0.1)
(-0.470833 0.12 -0.1)
(-0.5 0.15 -0.1)
(-0.470833 0.15 -0.1)
(-0.5 0.18 -0.1)
(-0.470833 0.18 -0.1)
(-0.5 0.21 -0.1)
(-0.470833 0.21 -0.1)
(-0.5 0.24 -0.1)
(-0.470833 0.24 -0.1)
(-0.5 0.27 -0.1)
(-0.470833 0.27 -0.1)
(-0.5 0.3 -0.1)
(-0.470833 0.3 -0.1)
(-0.441667 -0.27 -0.1)
(-0.441667 -0.3 -0.1)
(-0.441667 -0.24 -0.1)
(-0.441667 -0.21 -0.1)
(-0.441667 -0.18 -0.1)
(-0.441667 -0.15 -0.1)
(-0.441667 -0.12 -0.1)
(-0.441667 -0.09 -0.1)
(-0.441667 -0.06 -0.1)
(-0.441667 -0.03 -0.1)
(-0.441667 0 -0.1)
(-0.441667 0.03 -0.1)
(-0.441667 0.06 -0.1)
(-0.441667 0.09 -0.1)
(-0.441667 0.12 -0.1)
(-0.441667 0.15 -0.1)
(-0.441667 0.18 -0.1)
(-0.441667 0.21 -0.1)
(-0.441667 0.24 -0.1)
(-0.441667 0.27 -0.1)
(-0.441667 0.3 -0.1)
(-0.4125 -0.27 -0.1)
(-0.4125 -0.3 -0.1)
(-0.4125 -0.24 -0.1)
(-0.4125 -0.21 -0.1)
(-0.4125 -0.18 -0.1)
(-0.4125 -0.15 -0.1)
(-0.4125 -0.12 -0.1)
(-0.4125 -0.09 -0.1)
(-0.4125 -0.06 -0.1)
(-0.4125 -0.03 -0.1)
(-0.4125 0 -0.1)
(-0.4125 0.03 -0.1)
(-0.4125 0.06 -0.1)
(-0.4125 0.09 -0.1)
(-0.4125 0.12 -0.1)
(-0.4125 0.15 -0.1)
(-0.4125 0.18 -0.1)
(-0.4125 0.21 -0.1)
(-0.4125 0.24 -0.1)
(-0.4125 0.27 -0.1)
(-0.4125 0.3 -0.1)
(-0.383333 -0.27 -0.1)
(-0.383333 -0.3 -0.1)
(-0.383333 -0.24 -0.1)
(-0.383333 -0.21 -0.1)
(-0.383333 -0.18 -0.1)
(-0.383333 -0.15 -0.1)
(-0.383333 -0.12 -0.1)
(-0.383333 -0.09 -0.1)
(-0.383333 -0.06 -0.1)
(-0.383333 -0.03 -0.1)
(-0.383333 0 -0.1)
(-0.383333 0.03 -0.1)
(-0.383333 0.06 -0.1)
(-0.383333 0.09 -0.1)
(-0.383333 0.12 -0.1)
(-0.383333 0.15 -0.1)
(-0.383333 0.18 -0.1)
(-0.383333 0.21 -0.1)
(-0.383333 0.24 -0.1)
(-0.383333 0.27 -0.1)
(-0.383333 0.3 -0.1)
(-0.354167 -0.27 -0.1)
(-0.354167 -0.3 -0.1)
(-0.354167 -0.24 -0.1)
(-0.354167 -0.21 -0.1)
(-0.354167 -0.18 -0.1)
(-0.354167 -0.15 -0.1)
(-0.354167 -0.12 -0.1)
(-0.354167 -0.09 -0.1)
(-0.354167 -0.06 -0.1)
(-0.354167 -0.03 -0.1)
(-0.354167 0 -0.1)
(-0.354167 0.03 -0.1)
(-0.354167 0.06 -0.1)
(-0.354167 0.09 -0.1)
(-0.354167 0.12 -0.1)
(-0.354167 0.15 -0.1)
(-0.354167 0.18 -0.1)
(-0.354167 0.21 -0.1)
(-0.354167 0.24 -0.1)
(-0.354167 0.27 -0.1)
(-0.354167 0.3 -0.1)
(-0.325 -0.27 -0.1)
(-0.325 -0.3 -0.1)
(-0.325 -0.24 -0.1)
(-0.325 -0.21 -0.1)
(-0.325 -0.18 -0.1)
(-0.325 -0.15 -0.1)
(-0.325 -0.12 -0.1)
(-0.325 -0.09 -0.1)
(-0.325 -0.06 -0.1)
(-0.325 -0.03 -0.1)
(-0.325 0 -0.1)
(-0.325 0.03 -0.1)
(-0.325 0.06 -0.1)
(-0.325 0.09 -0.1)
(-0.325 0.12 -0.1)
(-0.325 0.15 -0.1)
(-0.325 0.18 -0.1)
(-0.325 0.21 -0.1)
(-0.325 0.24 -0.1)
(-0.325 0.27 -0.1)
(-0.325 0.3 -0.1)
(-0.295833 -0.27 -0.1)
(-0.295833 -0.3 -0.1)
(-0.295833 -0.24 -0.1)
(-0.295833 -0.21 -0.1)
(-0.295833 -0.18 -0.1)
(-0.295833 -0.15 -0.1)
(-0.295833 -0.12 -0.1)
(-0.295833 -0.09 -0.1)
(-0.295833 -0.06 -0.1)
(-0.295833 -0.03 -0.1)
(-0.295833 0 -0.1)
(-0.295833 0.03 -0.1)
(-0.295833 0.06 -0.1)
(-0.295833 0.09 -0.1)
(-0.295833 0.12 -0.1)
(-0.295833 0.15 -0.1)
(-0.295833 0.18 -0.1)
(-0.295833 0.21 -0.1)
(-0.295833 0.24 -0.1)
(-0.295833 0.27 -0.1)
(-0.295833 0.3 -0.1)
(-0.266667 -0.27 -0.1)
(-0.266667 -0.3 -0.1)
(-0.266667 -0.24 -0.1)
(-0.266667 -0.21 -0.1)
(-0.266667 -0.18 -0.1)
(-0.266667 -0.15 -0.1)
(-0.266667 -0.12 -0.1)
(-0.266667 -0.09 -0.1)
(-0.266667 -0.06 -0.1)
(-0.266667 -0.03 -0.1)
(-0.266667 0 -0.1)
(-0.266667 0.03 -0.1)
(-0.266667 0.06 -0.1)
(-0.266667 0.09 -0.1)
(-0.266667 0.12 -0.1)
(-0.266667 0.15 -0.1)
(-0.266667 0.18 -0.1)
(-0.266667 0.21 -0.1)
(-0.266667 0.24 -0.1)
(-0.266667 0.27 -0.1)
(-0.266667 0.3 -0.1)
(-0.2375 -0.27 -0.1)
(-0.2375 -0.3 -0.1)
(-0.2375 -0.24 -0.1)
(-0.2375 -0.21 -0.1)
(-0.2375 -0.18 -0.1)
(-0.2375 -0.15 -0.1)
(-0.2375 -0.12 -0.1)
(-0.2375 -0.09 -0.1)
(-0.2375 -0.06 -0.1)
(-0.2375 -0.03 -0.1)
(-0.2375 0 -0.1)
(-0.2375 0.03 -0.1)
(-0.2375 0.06 -0.1)
(-0.2375 0.09 -0.1)
(-0.2375 0.12 -0.1)
(-0.2375 0.15 -0.1)
(-0.2375 0.18 -0.1)
(-0.2375 0.21 -0.1)
(-0.2375 0.24 -0.1)
(-0.2375 0.27 -0.1)
(-0.2375 0.3 -0.1)
(-0.208333 -0.27 -0.1)
(-0.208333 -0.3 -0.1)
(-0.208333 -0.24 -0.1)
(-0.208333 -0.21 -0.1)
(-0.208333 -0.18 -0.1)
(-0.208333 -0.15 -0.1)
(-0.208333 -0.12 -0.1)
(-0.208333 -0.09 -0.1)
(-0.208333 -0.06 -0.1)
(-0.208333 -0.03 -0.1)
(-0.208333 4.62593e-18 -0.1)
(-0.208333 0.03 -0.1)
(-0.208333 0.06 -0.1)
(-0.208333 0.09 -0.1)
(-0.208333 0.12 -0.1)
(-0.208333 0.15 -0.1)
(-0.208333 0.18 -0.1)
(-0.208333 0.21 -0.1)
(-0.208333 0.24 -0.1)
(-0.208333 0.27 -0.1)
(-0.208333 0.3 -0.1)
(-0.179167 -0.27 -0.1)
(-0.179167 -0.3 -0.1)
(-0.179167 -0.24 -0.1)
(-0.179167 -0.21 -0.1)
(-0.179167 -0.18 -0.1)
(-0.179167 -0.15 -0.1)
(-0.179167 -0.12 -0.1)
(-0.179167 -0.09 -0.1)
(-0.179167 -0.06 -0.1)
(-0.179167 -0.03 -0.1)
(-0.179167 0 -0.1)
(-0.179167 0.03 -0.1)
(-0.179167 0.06 -0.1)
(-0.179167 0.09 -0.1)
(-0.179167 0.12 -0.1)
(-0.179167 0.15 -0.1)
(-0.179167 0.18 -0.1)
(-0.179167 0.21 -0.1)
(-0.179167 0.24 -0.1)
(-0.179167 0.27 -0.1)
(-0.179167 0.3 -0.1)
(-0.15 -0.27 -0.1)
(-0.15 -0.3 -0.1)
(-0.15 -0.24 -0.1)
(-0.15 -0.21 -0.1)
(-0.15 -0.18 -0.1)
(-0.15 -0.15 -0.1)
(-0.15 -0.12 -0.1)
(-0.15 -0.09 -0.1)
(-0.15 -0.06 -0.1)
(-0.15 -0.03 -0.1)
(-0.15 0 -0.1)
(-0.15 0.03 -0.1)
(-0.15 0.06 -0.1)
(-0.15 0.09 -0.1)
(-0.15 0.12 -0.1)
(-0.15 0.15 -0.1)
(-0.15 0.18 -0.1)
(-0.15 0.21 -0.1)
(-0.15 0.24 -0.1)
(-0.15 0.27 -0.1)
(-0.15 0.3 -0.1)
(-0.120833 -0.27 -0.1)
(-0.120833 -0.3 -0.1)
(-0.120833 -0.24 -0.1)
(-0.120833 -0.21 -0.1)
(-0.120833 -0.18 -0.1)
(-0.120833 -0.15 -0.1)
(-0.120833 -0.12 -0.1)
(-0.120833 -0.09 -0.1)
(-0.120833 -0.06 -0.1)
(-0.120833 -0.03 -0.1)
(-0.120833 0 -0.1)
(-0.120833 0.03 -0.1)
(-0.120833 0.06 -0.1)
(-0.120833 0.09 -0.1)
(-0.120833 0.12 -0.1)
(-0.120833 0.15 -0.1)
(-0.120833 0.18 -0.1)
(-0.120833 0.21 -0.1)
(-0.120833 0.24 -0.1)
(-0.120833 0.27 -0.1)
(-0.120833 0.3 -0.1)
(-0.0916667 -0.27 -0.1)
(-0.0916667 -0.3 -0.1)
(-0.0916667 -0.24 -0.1)
(-0.0916667 -0.21 -0.1)
(-0.0916667 -0.18 -0.1)
(-0.0916667 -0.15 -0.1)
(-0.0916667 -0.12 -0.1)
(-0.0916667 -0.09 -0.1)
(-0.0916667 -0.06 -0.1)
(-0.0916667 -0.03 -0.1)
(-0.0916667 2.31296e-18 -0.1)
(-0.0916667 0.03 -0.1)
(-0.0916667 0.06 -0.1)
(-0.0916667 0.09 -0.1)
(-0.0916667 0.12 -0.1)
(-0.0916667 0.15 -0.1)
(-0.0916667 0.18 -0.1)
(-0.0916667 0.21 -0.1)
(-0.0916667 0.24 -0.1)
(-0.0916667 0.27 -0.1)
(-0.0916667 0.3 -0.1)
(-0.0625 -0.27 -0.1)
(-0.0625 -0.3 -0.1)
(-0.0625 -0.24 -0.1)
(-0.0625 -0.21 -0.1)
(-0.0625 -0.225 -0.1)
(-0.0625 -0.18 -0.1)
(-0.0625 -0.195 -0.1)
(-0.0625 -0.15 -0.1)
(-0.0625 -0.165 -0.1)
(-0.0625 -0.12 -0.1)
(-0.0625 -0.135 -0.1)
(-0.0625 -0.09 -0.1)
(-0.0625 -0.105 -0.1)
(-0.0625 -0.06 -0.1)
(-0.0625 -0.075 -0.1)
(-0.0625 -0.03 -0.1)
(-0.0625 -0.045 -0.1)
(-0.0625 0 -0.1)
(-0.0625 -0.015 -0.1)
(-0.0625 0.03 -0.1)
(-0.0625 0.015 -0.1)
(-0.0625 0.06 -0.1)
(-0.0625 0.045 -0.1)
(-0.0625 0.09 -0.1)
(-0.0625 0.075 -0.1)
(-0.0625 0.12 -0.1)
(-0.0625 0.105 -0.1)
(-0.0625 0.15 -0.1)
(-0.0625 0.135 -0.1)
(-0.0625 0.18 -0.1)
(-0.0625 0.165 -0.1)
(-0.0625 0.21 -0.1)
(-0.0625 0.195 -0.1)
(-0.0625 0.24 -0.1)
(-0.0625 0.225 -0.1)
(-0.0625 0.27 -0.1)
(-0.0625 0.3 -0.1)
(-0.0333333 -0.27 -0.1)
(-0.0333333 -0.3 -0.1)
(-0.0479167 -0.24 -0.1)
(-0.0333333 -0.24 -0.1)
(-0.0479167 -0.225 -0.1)
(-0.0479167 -0.195 -0.1)
(-0.0479167 -0.21 -0.1)
(-0.0479167 -0.165 -0.1)
(-0.0479167 -0.18 -0.1)
(-0.0479167 -0.135 -0.1)
(-0.0479167 -0.15 -0.1)
(-0.0479167 -0.105 -0.1)
(-0.0479167 -0.12 -0.1)
(-0.0479167 -0.075 -0.1)
(-0.0479167 -0.09 -0.1)
(-0.0479167 -0.045 -0.1)
(-0.0479167 -0.06 -0.1)
(-0.0479167 -0.015 -0.1)
(-0.0479167 -0.03 -0.1)
(-0.0479167 0.015 -0.1)
(-0.0479167 0 -0.1)
(-0.0479167 0.045 -0.1)
(-0.0479167 0.03 -0.1)
(-0.0479167 0.075 -0.1)
(-0.0479167 0.06 -0.1)
(-0.0479167 0.105 -0.1)
(-0.0479167 0.09 -0.1)
(-0.0479167 0.135 -0.1)
(-0.0479167 0.12 -0.1)
(-0.0479167 0.165 -0.1)
(-0.0479167 0.15 -0.1)
(-0.0479167 0.195 -0.1)
(-0.0479167 0.18 -0.1)
(-0.0479167 0.225 -0.1)
(-0.0479167 0.21 -0.1)
(-0.0333333 0.27 -0.1)
(-0.0333333 0.24 -0.1)
(-0.0479167 0.24 -0.1)
(-0.0333333 0.3 -0.1)
(-0.00416667 -0.27 -0.1)
(-0.00416667 -0.3 -0.1)
(-0.01875 -0.24 -0.1)
(-0.00416667 -0.24 -0.1)
(-0.0333333 -0.225 -0.1)
(-0.01875 -0.225 -0.1)
(-0.0333333 -0.21 -0.1)
(-0.0333333 -0.195 -0.1)
(-0.0260417 -0.195 -0.1)
(-0.01875 -0.195 -0.1)
(-0.01875 -0.21 -0.1)
(-0.0333333 -0.18 -0.1)
(-0.0333333 -0.1725 -0.1)
(-0.0260417 -0.1725 -0.1)
(-0.0260417 -0.18 -0.1)
(-0.0333333 -0.15 -0.1)
(-0.0333333 -0.1425 -0.1)
(-0.0260417 -0.1425 -0.1)
(-0.0260417 -0.15 -0.1)
(-0.0333333 -0.12 -0.1)
(-0.0333333 -0.1125 -0.1)
(-0.0260417 -0.1125 -0.1)
(-0.0260417 -0.12 -0.1)
(-0.0333333 -0.09 -0.1)
(-0.0333333 -0.0825 -0.1)
(-0.0260417 -0.0825 -0.1)
(-0.0260417 -0.09 -0.1)
(-0.0333333 -0.06 -0.1)
(-0.0333333 -0.0525 -0.1)
(-0.0260417 -0.0525 -0.1)
(-0.0260417 -0.06 -0.1)
(-0.0333333 -0.03 -0.1)
(-0.0333333 -0.0225 -0.1)
(-0.0260417 -0.0225 -0.1)
(-0.0260417 -0.03 -0.1)
(-0.0333333 0 -0.1)
(-0.0333333 0.0075 -0.1)
(-0.0260417 0.0075 -0.1)
(-0.0260417 -5.78241e-19 -0.1)
(-0.0333333 0.03 -0.1)
(-0.0333333 0.0375 -0.1)
(-0.0260417 0.0375 -0.1)
(-0.0260417 0.03 -0.1)
(-0.0333333 0.06 -0.1)
(-0.0333333 0.0675 -0.1)
(-0.0260417 0.0675 -0.1)
(-0.0260417 0.06 -0.1)
(-0.0333333 0.09 -0.1)
(-0.0333333 0.0975 -0.1)
(-0.0260417 0.0975 -0.1)
(-0.0260417 0.09 -0.1)
(-0.0333333 0.12 -0.1)
(-0.0333333 0.1275 -0.1)
(-0.0260417 0.1275 -0.1)
(-0.0260417 0.12 -0.1)
(-0.0333333 0.15 -0.1)
(-0.0333333 0.1575 -0.1)
(-0.0260417 0.1575 -0.1)
(-0.0260417 0.15 -0.1)
(-0.0333333 0.18 -0.1)
(-0.0333333 0.1875 -0.1)
(-0.0260417 0.1875 -0.1)
(-0.0260417 0.18 -0.1)
(-0.0333333 0.21 -0.1)
(-0.0333333 0.225 -0.1)
(-0.01875 0.225 -0.1)
(-0.01875 0.21 -0.1)
(-0.00416667 0.27 -0.1)
(-0.00416667 0.24 -0.1)
(-0.01875 0.24 -0.1)
(-0.00416667 0.3 -0.1)
(0.025 -0.27 -0.1)
(0.025 -0.3 -0.1)
(0.0104167 -0.24 -0.1)
(0.025 -0.24 -0.1)
(-0.00416667 -0.225 -0.1)
(0.0104167 -0.225 -0.1)
(-0.00416667 -0.21 -0.1)
(-0.00416667 -0.195 -0.1)
(0.003125 -0.195 -0.1)
(0.0104167 -0.195 -0.1)
(0.0104167 -0.21 -0.1)
(-0.00416667 -0.18 -0.1)
(-0.00416667 -0.1725 -0.1)
(0.003125 -0.1725 -0.1)
(0.003125 -0.18 -0.1)
(-0.00416667 -0.15 -0.1)
(-0.00416667 -0.1425 -0.1)
(0.003125 -0.1425 -0.1)
(0.003125 -0.15 -0.1)
(-0.00416667 -0.12 -0.1)
(-0.00416667 -0.1125 -0.1)
(0.003125 -0.1125 -0.1)
(0.003125 -0.12 -0.1)
(-0.00416667 -0.09 -0.1)
(-0.00416667 -0.0825 -0.1)
(0.003125 -0.0825 -0.1)
(0.003125 -0.09 -0.1)
(-0.00416667 -0.06 -0.1)
(-0.00416667 -0.0525 -0.1)
(0.003125 -0.0525 -0.1)
(0.003125 -0.06 -0.1)
(-0.00416667 -0.03 -0.1)
(-0.00416667 -0.0225 -0.1)
(0.003125 -0.0225 -0.1)
(0.003125 -0.03 -0.1)
(-0.00416667 -2.31296e-18 -0.1)
(-0.00416667 0.0075 -0.1)
(0.003125 0.0075 -0.1)
(0.003125 -2.31296e-18 -0.1)
(-0.00416667 0.03 -0.1)
(-0.00416667 0.0375 -0.1)
(0.003125 0.0375 -0.1)
(0.003125 0.03 -0.1)
(-0.00416667 0.06 -0.1)
(-0.00416667 0.0675 -0.1)
(0.003125 0.0675 -0.1)
(0.003125 0.06 -0.1)
(-0.00416667 0.09 -0.1)
(-0.00416667 0.0975 -0.1)
(0.003125 0.0975 -0.1)
(0.003125 0.09 -0.1)
(-0.00416667 0.12 -0.1)
(-0.00416667 0.1275 -0.1)
(0.003125 0.1275 -0.1)
(0.003125 0.12 -0.1)
(-0.00416667 0.15 -0.1)
(-0.00416667 0.1575 -0.1)
(0.003125 0.1575 -0.1)
(0.003125 0.15 -0.1)
(-0.00416667 0.18 -0.1)
(-0.00416667 0.1875 -0.1)
(0.003125 0.1875 -0.1)
(0.003125 0.18 -0.1)
(-0.00416667 0.21 -0.1)
(-0.00416667 0.225 -0.1)
(0.0104167 0.225 -0.1)
(0.0104167 0.21 -0.1)
(0.025 0.27 -0.1)
(0.025 0.24 -0.1)
(0.0104167 0.24 -0.1)
(0.025 0.3 -0.1)
(0.0541667 -0.27 -0.1)
(0.0541667 -0.3 -0.1)
(0.0395833 -0.24 -0.1)
(0.0541667 -0.24 -0.1)
(0.025 -0.225 -0.1)
(0.0395833 -0.225 -0.1)
(0.025 -0.21 -0.1)
(0.025 -0.195 -0.1)
(0.0322917 -0.195 -0.1)
(0.0395833 -0.195 -0.1)
(0.0395833 -0.21 -0.1)
(0.025 -0.18 -0.1)
(0.025 -0.1725 -0.1)
(0.0322917 -0.1725 -0.1)
(0.0322917 -0.18 -0.1)
(0.025 -0.15 -0.1)
(0.025 -0.1425 -0.1)
(0.0322917 -0.1425 -0.1)
(0.0322917 -0.15 -0.1)
(0.025 -0.12 -0.1)
(0.025 -0.1125 -0.1)
(0.0322917 -0.1125 -0.1)
(0.0322917 -0.12 -0.1)
(0.025 -0.09 -0.1)
(0.025 -0.0825 -0.1)
(0.0322917 -0.0825 -0.1)
(0.0322917 -0.09 -0.1)
(0.025 -0.06 -0.1)
(0.025 -0.0525 -0.1)
(0.0322917 -0.0525 -0.1)
(0.0322917 -0.06 -0.1)
(0.025 -0.03 -0.1)
(0.025 -0.0225 -0.1)
(0.0322917 -0.0225 -0.1)
(0.0322917 -0.03 -0.1)
(0.025 -2.31296e-18 -0.1)
(0.025 0.0075 -0.1)
(0.0322917 0.0075 -0.1)
(0.0322917 -1.15648e-18 -0.1)
(0.025 0.03 -0.1)
(0.025 0.0375 -0.1)
(0.0322917 0.0375 -0.1)
(0.0322917 0.03 -0.1)
(0.025 0.06 -0.1)
(0.025 0.0675 -0.1)
(0.0322917 0.0675 -0.1)
(0.0322917 0.06 -0.1)
(0.025 0.09 -0.1)
(0.025 0.0975 -0.1)
(0.0322917 0.0975 -0.1)
(0.0322917 0.09 -0.1)
(0.025 0.12 -0.1)
(0.025 0.1275 -0.1)
(0.0322917 0.1275 -0.1)
(0.0322917 0.12 -0.1)
(0.025 0.15 -0.1)
(0.025 0.1575 -0.1)
(0.0322917 0.1575 -0.1)
(0.0322917 0.15 -0.1)
(0.025 0.18 -0.1)
(0.025 0.1875 -0.1)
(0.0322917 0.1875 -0.1)
(0.0322917 0.18 -0.1)
(0.025 0.21 -0.1)
(0.025 0.225 -0.1)
(0.0395833 0.225 -0.1)
(0.0395833 0.21 -0.1)
(0.0541667 0.27 -0.1)
(0.0541667 0.24 -0.1)
(0.0395833 0.24 -0.1)
(0.0541667 0.3 -0.1)
(0.0833333 -0.27 -0.1)
(0.0833333 -0.3 -0.1)
(0.06875 -0.24 -0.1)
(0.0833333 -0.24 -0.1)
(0.0541667 -0.225 -0.1)
(0.06875 -0.225 -0.1)
(0.0541667 -0.21 -0.1)
(0.0541667 -0.195 -0.1)
(0.0614583 -0.195 -0.1)
(0.06875 -0.195 -0.1)
(0.06875 -0.21 -0.1)
(0.0541667 -0.18 -0.1)
(0.0541667 -0.1725 -0.1)
(0.0614583 -0.1725 -0.1)
(0.0614583 -0.18 -0.1)
(0.0541667 -0.15 -0.1)
(0.0541667 -0.1425 -0.1)
(0.0614583 -0.1425 -0.1)
(0.0614583 -0.15 -0.1)
(0.0541667 -0.12 -0.1)
(0.0541667 -0.1125 -0.1)
(0.0614583 -0.1125 -0.1)
(0.0614583 -0.12 -0.1)
(0.0541667 -0.09 -0.1)
(0.0541667 -0.0825 -0.1)
(0.0614583 -0.0825 -0.1)
(0.0614583 -0.09 -0.1)
(0.0541667 -0.06 -0.1)
(0.0541667 -0.0525 -0.1)
(0.0614583 -0.0525 -0.1)
(0.0614583 -0.06 -0.1)
(0.0541667 -0.03 -0.1)
(0.0541667 -0.0225 -0.1)
(0.0614583 -0.0225 -0.1)
(0.0614583 -0.03 -0.1)
(0.0541667 2.31296e-18 -0.1)
(0.0541667 0.0075 -0.1)
(0.0614583 0.0075 -0.1)
(0.0614583 1.73472e-18 -0.1)
(0.0541667 0.03 -0.1)
(0.0541667 0.0375 -0.1)
(0.0614583 0.0375 -0.1)
(0.0614583 0.03 -0.1)
(0.0541667 0.06 -0.1)
(0.0541667 0.0675 -0.1)
(0.0614583 0.0675 -0.1)
(0.0614583 0.06 -0.1)
(0.0541667 0.09 -0.1)
(0.0541667 0.0975 -0.1)
(0.0614583 0.0975 -0.1)
(0.0614583 0.09 -0.1)
(0.0541667 0.12 -0.1)
(0.0541667 0.1275 -0.1)
(0.0614583 0.1275 -0.1)
(0.0614583 0.12 -0.1)
(0.0541667 0.15 -0.1)
(0.0541667 0.1575 -0.1)
(0.0614583 0.1575 -0.1)
(0.0614583 0.15 -0.1)
(0.0541667 0.18 -0.1)
(0.0541667 0.1875 -0.1)
(0.0614583 0.1875 -0.1)
(0.0614583 0.18 -0.1)
(0.0541667 0.21 -0.1)
(0.0541667 0.225 -0.1)
(0.06875 0.225 -0.1)
(0.06875 0.21 -0.1)
(0.0833333 0.27 -0.1)
(0.0833333 0.24 -0.1)
(0.06875 0.24 -0.1)
(0.0833333 0.3 -0.1)
(0.1125 -0.27 -0.1)
(0.1125 -0.3 -0.1)
(0.0979167 -0.24 -0.1)
(0.1125 -0.24 -0.1)
(0.0833333 -0.225 -0.1)
(0.0979167 -0.225 -0.1)
(0.0833333 -0.21 -0.1)
(0.0833333 -0.195 -0.1)
(0.090625 -0.195 -0.1)
(0.0979167 -0.195 -0.1)
(0.0979167 -0.21 -0.1)
(0.0833333 -0.18 -0.1)
(0.0833333 -0.1725 -0.1)
(0.090625 -0.1725 -0.1)
(0.090625 -0.18 -0.1)
(0.0833333 -0.15 -0.1)
(0.0833333 -0.1425 -0.1)
(0.090625 -0.1425 -0.1)
(0.090625 -0.15 -0.1)
(0.0833333 -0.12 -0.1)
(0.0833333 -0.1125 -0.1)
(0.090625 -0.1125 -0.1)
(0.090625 -0.12 -0.1)
(0.0833333 -0.09 -0.1)
(0.0833333 -0.0825 -0.1)
(0.090625 -0.0825 -0.1)
(0.090625 -0.09 -0.1)
(0.0833333 -0.06 -0.1)
(0.0833333 -0.0525 -0.1)
(0.090625 -0.0525 -0.1)
(0.090625 -0.06 -0.1)
(0.0833333 -0.03 -0.1)
(0.0833333 -0.0225 -0.1)
(0.090625 -0.0225 -0.1)
(0.090625 -0.03 -0.1)
(0.0833333 0 -0.1)
(0.0833333 0.0075 -0.1)
(0.090625 0.0075 -0.1)
(0.090625 8.67362e-19 -0.1)
(0.0833333 0.03 -0.1)
(0.0833333 0.0375 -0.1)
(0.090625 0.0375 -0.1)
(0.090625 0.03 -0.1)
(0.0833333 0.06 -0.1)
(0.0833333 0.0675 -0.1)
(0.090625 0.0675 -0.1)
(0.090625 0.06 -0.1)
(0.0833333 0.09 -0.1)
(0.0833333 0.0975 -0.1)
(0.090625 0.0975 -0.1)
(0.090625 0.09 -0.1)
(0.0833333 0.12 -0.1)
(0.0833333 0.1275 -0.1)
(0.090625 0.1275 -0.1)
(0.090625 0.12 -0.1)
(0.0833333 0.15 -0.1)
(0.0833333 0.1575 -0.1)
(0.090625 0.1575 -0.1)
(0.090625 0.15 -0.1)
(0.0833333 0.18 -0.1)
(0.0833333 0.1875 -0.1)
(0.090625 0.1875 -0.1)
(0.090625 0.18 -0.1)
(0.0833333 0.21 -0.1)
(0.0833333 0.225 -0.1)
(0.0979167 0.225 -0.1)
(0.0979167 0.21 -0.1)
(0.1125 0.27 -0.1)
(0.1125 0.24 -0.1)
(0.0979167 0.24 -0.1)
(0.1125 0.3 -0.1)
(0.141667 -0.27 -0.1)
(0.141667 -0.3 -0.1)
(0.127083 -0.24 -0.1)
(0.141667 -0.24 -0.1)
(0.1125 -0.225 -0.1)
(0.127083 -0.225 -0.1)
(0.1125 -0.21 -0.1)
(0.1125 -0.195 -0.1)
(0.119792 -0.195 -0.1)
(0.127083 -0.195 -0.1)
(0.127083 -0.21 -0.1)
(0.1125 -0.18 -0.1)
(0.1125 -0.1725 -0.1)
(0.119792 -0.1725 -0.1)
(0.119792 -0.18 -0.1)
(0.1125 -0.15 -0.1)
(0.1125 -0.1425 -0.1)
(0.119792 -0.1425 -0.1)
(0.119792 -0.15 -0.1)
(0.1125 -0.12 -0.1)
(0.1125 -0.1125 -0.1)
(0.119792 -0.1125 -0.1)
(0.119792 -0.12 -0.1)
(0.1125 -0.09 -0.1)
(0.1125 -0.0825 -0.1)
(0.119792 -0.0825 -0.1)
(0.119792 -0.09 -0.1)
(0.1125 -0.06 -0.1)
(0.1125 -0.0525 -0.1)
(0.119792 -0.0525 -0.1)
(0.119792 -0.06 -0.1)
(0.1125 -0.03 -0.1)
(0.1125 -0.0225 -0.1)
(0.119792 -0.0225 -0.1)
(0.119792 -0.03 -0.1)
(0.1125 3.46945e-18 -0.1)
(0.1125 0.0075 -0.1)
(0.119792 0.0075 -0.1)
(0.119792 2.1684e-18 -0.1)
(0.1125 0.03 -0.1)
(0.1125 0.0375 -0.1)
(0.119792 0.0375 -0.1)
(0.119792 0.03 -0.1)
(0.1125 0.06 -0.1)
(0.1125 0.0675 -0.1)
(0.119792 0.0675 -0.1)
(0.119792 0.06 -0.1)
(0.1125 0.09 -0.1)
(0.1125 0.0975 -0.1)
(0.119792 0.0975 -0.1)
(0.119792 0.09 -0.1)
(0.1125 0.12 -0.1)
(0.1125 0.1275 -0.1)
(0.119792 0.1275 -0.1)
(0.119792 0.12 -0.1)
(0.1125 0.15 -0.1)
(0.1125 0.1575 -0.1)
(0.119792 0.1575 -0.1)
(0.119792 0.15 -0.1)
(0.1125 0.18 -0.1)
(0.1125 0.1875 -0.1)
(0.119792 0.1875 -0.1)
(0.119792 0.18 -0.1)
(0.1125 0.21 -0.1)
(0.1125 0.225 -0.1)
(0.127083 0.225 -0.1)
(0.127083 0.21 -0.1)
(0.141667 0.27 -0.1)
(0.141667 0.24 -0.1)
(0.127083 0.24 -0.1)
(0.141667 0.3 -0.1)
(0.170833 -0.27 -0.1)
(0.170833 -0.3 -0.1)
(0.15625 -0.24 -0.1)
(0.170833 -0.24 -0.1)
(0.141667 -0.225 -0.1)
(0.15625 -0.225 -0.1)
(0.141667 -0.21 -0.1)
(0.141667 -0.195 -0.1)
(0.148958 -0.195 -0.1)
(0.15625 -0.195 -0.1)
(0.15625 -0.21 -0.1)
(0.141667 -0.18 -0.1)
(0.141667 -0.1725 -0.1)
(0.148958 -0.1725 -0.1)
(0.148958 -0.18 -0.1)
(0.141667 -0.15 -0.1)
(0.141667 -0.1425 -0.1)
(0.148958 -0.1425 -0.1)
(0.148958 -0.15 -0.1)
(0.141667 -0.12 -0.1)
(0.141667 -0.1125 -0.1)
(0.148958 -0.1125 -0.1)
(0.148958 -0.12 -0.1)
(0.141667 -0.09 -0.1)
(0.141667 -0.0825 -0.1)
(0.148958 -0.0825 -0.1)
(0.148958 -0.09 -0.1)
(0.141667 -0.06 -0.1)
(0.141667 -0.0525 -0.1)
(0.148958 -0.0525 -0.1)
(0.148958 -0.06 -0.1)
(0.141667 -0.03 -0.1)
(0.141667 -0.0225 -0.1)
(0.148958 -0.0225 -0.1)
(0.148958 -0.03 -0.1)
(0.141667 -1.73472e-18 -0.1)
(0.141667 0.0075 -0.1)
(0.148958 0.0075 -0.1)
(0.148958 -2.24068e-18 -0.1)
(0.141667 0.03 -0.1)
(0.141667 0.0375 -0.1)
(0.148958 0.0375 -0.1)
(0.148958 0.03 -0.1)
(0.141667 0.06 -0.1)
(0.141667 0.0675 -0.1)
(0.148958 0.0675 -0.1)
(0.148958 0.06 -0.1)
(0.141667 0.09 -0.1)
(0.141667 0.0975 -0.1)
(0.148958 0.0975 -0.1)
(0.148958 0.09 -0.1)
(0.141667 0.12 -0.1)
(0.141667 0.1275 -0.1)
(0.148958 0.1275 -0.1)
(0.148958 0.12 -0.1)
(0.141667 0.15 -0.1)
(0.141667 0.1575 -0.1)
(0.148958 0.1575 -0.1)
(0.148958 0.15 -0.1)
(0.141667 0.18 -0.1)
(0.141667 0.1875 -0.1)
(0.148958 0.1875 -0.1)
(0.148958 0.18 -0.1)
(0.141667 0.21 -0.1)
(0.141667 0.225 -0.1)
(0.15625 0.225 -0.1)
(0.15625 0.21 -0.1)
(0.170833 0.27 -0.1)
(0.170833 0.24 -0.1)
(0.15625 0.24 -0.1)
(0.170833 0.3 -0.1)
(0.2 -0.27 -0.1)
(0.2 -0.3 -0.1)
(0.185417 -0.24 -0.1)
(0.2 -0.24 -0.1)
(0.170833 -0.225 -0.1)
(0.185417 -0.225 -0.1)
(0.170833 -0.21 -0.1)
(0.170833 -0.195 -0.1)
(0.178125 -0.195 -0.1)
(0.185417 -0.195 -0.1)
(0.185417 -0.21 -0.1)
(0.170833 -0.18 -0.1)
(0.170833 -0.1725 -0.1)
(0.178125 -0.1725 -0.1)
(0.178125 -0.18 -0.1)
(0.170833 -0.15 -0.1)
(0.170833 -0.1425 -0.1)
(0.178125 -0.1425 -0.1)
(0.178125 -0.15 -0.1)
(0.170833 -0.12 -0.1)
(0.170833 -0.1125 -0.1)
(0.178125 -0.1125 -0.1)
(0.178125 -0.12 -0.1)
(0.170833 -0.09 -0.1)
(0.170833 -0.0825 -0.1)
(0.178125 -0.0825 -0.1)
(0.178125 -0.09 -0.1)
(0.170833 -0.06 -0.1)
(0.170833 -0.0525 -0.1)
(0.178125 -0.0525 -0.1)
(0.178125 -0.06 -0.1)
(0.170833 -0.03 -0.1)
(0.170833 -0.0225 -0.1)
(0.178125 -0.0225 -0.1)
(0.178125 -0.03 -0.1)
(0.170833 -3.75857e-18 -0.1)
(0.170833 0.0075 -0.1)
(0.178125 0.0075 -0.1)
(0.178125 -2.81893e-18 -0.1)
(0.170833 0.03 -0.1)
(0.170833 0.0375 -0.1)
(0.178125 0.0375 -0.1)
(0.178125 0.03 -0.1)
(0.170833 0.06 -0.1)
(0.170833 0.0675 -0.1)
(0.178125 0.0675 -0.1)
(0.178125 0.06 -0.1)
(0.170833 0.09 -0.1)
(0.170833 0.0975 -0.1)
(0.178125 0.0975 -0.1)
(0.178125 0.09 -0.1)
(0.170833 0.12 -0.1)
(0.170833 0.1275 -0.1)
(0.178125 0.1275 -0.1)
(0.178125 0.12 -0.1)
(0.170833 0.15 -0.1)
(0.170833 0.1575 -0.1)
(0.178125 0.1575 -0.1)
(0.178125 0.15 -0.1)
(0.170833 0.18 -0.1)
(0.170833 0.1875 -0.1)
(0.178125 0.1875 -0.1)
(0.178125 0.18 -0.1)
(0.170833 0.21 -0.1)
(0.170833 0.225 -0.1)
(0.185417 0.225 -0.1)
(0.185417 0.21 -0.1)
(0.2 0.27 -0.1)
(0.2 0.24 -0.1)
(0.185417 0.24 -0.1)
(0.2 0.3 -0.1)
(-0.0260417 -0.1875 -0.1)
(-0.0333333 -0.1875 -0.1)
(-0.00416667 -0.1875 -0.1)
(-0.0114583 -0.1875 -0.1)
(-0.0114583 -0.18 -0.1)
(-0.0114583 -0.195 -0.1)
(-0.0260417 -0.1575 -0.1)
(-0.0333333 -0.1575 -0.1)
(-0.00416667 -0.1575 -0.1)
(-0.0114583 -0.1575 -0.1)
(-0.0114583 -0.15 -0.1)
(-0.0114583 -0.1725 -0.1)
(-0.0260417 -0.1275 -0.1)
(-0.0333333 -0.1275 -0.1)
(-0.00416667 -0.1275 -0.1)
(-0.0114583 -0.1275 -0.1)
(-0.0114583 -0.12 -0.1)
(-0.0114583 -0.1425 -0.1)
(-0.0260417 -0.0975 -0.1)
(-0.0333333 -0.0975 -0.1)
(-0.00416667 -0.0975 -0.1)
(-0.0114583 -0.0975 -0.1)
(-0.0114583 -0.09 -0.1)
(-0.0114583 -0.1125 -0.1)
(-0.0260417 -0.0675 -0.1)
(-0.0333333 -0.0675 -0.1)
(-0.00416667 -0.0675 -0.1)
(-0.0114583 -0.0675 -0.1)
(-0.0114583 -0.06 -0.1)
(-0.0114583 -0.0825 -0.1)
(-0.0260417 -0.0375 -0.1)
(-0.0333333 -0.0375 -0.1)
(-0.00416667 -0.0375 -0.1)
(-0.0114583 -0.0375 -0.1)
(-0.0114583 -0.03 -0.1)
(-0.0114583 -0.0525 -0.1)
(-0.0260417 -0.0075 -0.1)
(-0.0333333 -0.0075 -0.1)
(-0.00416667 -0.0075 -0.1)
(-0.0114583 -0.0075 -0.1)
(-0.0114583 -1.73472e-18 -0.1)
(-0.0114583 -0.0225 -0.1)
(-0.0260417 0.0225 -0.1)
(-0.0333333 0.0225 -0.1)
(-0.00416667 0.0225 -0.1)
(-0.0114583 0.0225 -0.1)
(-0.0114583 0.03 -0.1)
(-0.0114583 0.0075 -0.1)
(-0.0260417 0.0525 -0.1)
(-0.0333333 0.0525 -0.1)
(-0.00416667 0.0525 -0.1)
(-0.0114583 0.0525 -0.1)
(-0.0114583 0.06 -0.1)
(-0.0114583 0.0375 -0.1)
(-0.0260417 0.0825 -0.1)
(-0.0333333 0.0825 -0.1)
(-0.00416667 0.0825 -0.1)
(-0.0114583 0.0825 -0.1)
(-0.0114583 0.09 -0.1)
(-0.0114583 0.0675 -0.1)
(-0.0260417 0.1125 -0.1)
(-0.0333333 0.1125 -0.1)
(-0.00416667 0.1125 -0.1)
(-0.0114583 0.1125 -0.1)
(-0.0114583 0.12 -0.1)
(-0.0114583 0.0975 -0.1)
(-0.0260417 0.1425 -0.1)
(-0.0333333 0.1425 -0.1)
(-0.00416667 0.1425 -0.1)
(-0.0114583 0.1425 -0.1)
(-0.0114583 0.15 -0.1)
(-0.0114583 0.1275 -0.1)
(-0.0260417 0.1725 -0.1)
(-0.0333333 0.1725 -0.1)
(-0.00416667 0.1725 -0.1)
(-0.0114583 0.1725 -0.1)
(-0.0114583 0.18 -0.1)
(-0.0114583 0.1575 -0.1)
(-0.01875 0.195 -0.1)
(-0.0260417 0.195 -0.1)
(-0.0333333 0.195 -0.1)
(-0.00416667 0.195 -0.1)
(-0.0114583 0.195 -0.1)
(-0.0114583 0.1875 -0.1)
(0.003125 -0.1875 -0.1)
(0.025 -0.1875 -0.1)
(0.0177083 -0.1875 -0.1)
(0.0177083 -0.18 -0.1)
(0.0177083 -0.195 -0.1)
(0.003125 -0.1575 -0.1)
(0.025 -0.1575 -0.1)
(0.0177083 -0.1575 -0.1)
(0.0177083 -0.15 -0.1)
(0.0177083 -0.1725 -0.1)
(0.003125 -0.1275 -0.1)
(0.025 -0.1275 -0.1)
(0.0177083 -0.1275 -0.1)
(0.0177083 -0.12 -0.1)
(0.0177083 -0.1425 -0.1)
(0.003125 -0.0975 -0.1)
(0.025 -0.0975 -0.1)
(0.0177083 -0.0975 -0.1)
(0.0177083 -0.09 -0.1)
(0.0177083 -0.1125 -0.1)
(0.003125 -0.0675 -0.1)
(0.025 -0.0675 -0.1)
(0.0177083 -0.0675 -0.1)
(0.0177083 -0.06 -0.1)
(0.0177083 -0.0825 -0.1)
(0.003125 -0.0375 -0.1)
(0.025 -0.0375 -0.1)
(0.0177083 -0.0375 -0.1)
(0.0177083 -0.03 -0.1)
(0.0177083 -0.0525 -0.1)
(0.003125 -0.0075 -0.1)
(0.025 -0.0075 -0.1)
(0.0177083 -0.0075 -0.1)
(0.0177083 -2.31296e-18 -0.1)
(0.0177083 -0.0225 -0.1)
(0.003125 0.0225 -0.1)
(0.025 0.0225 -0.1)
(0.0177083 0.0225 -0.1)
(0.0177083 0.03 -0.1)
(0.0177083 0.0075 -0.1)
(0.003125 0.0525 -0.1)
(0.025 0.0525 -0.1)
(0.0177083 0.0525 -0.1)
(0.0177083 0.06 -0.1)
(0.0177083 0.0375 -0.1)
(0.003125 0.0825 -0.1)
(0.025 0.0825 -0.1)
(0.0177083 0.0825 -0.1)
(0.0177083 0.09 -0.1)
(0.0177083 0.0675 -0.1)
(0.003125 0.1125 -0.1)
(0.025 0.1125 -0.1)
(0.0177083 0.1125 -0.1)
(0.0177083 0.12 -0.1)
(0.0177083 0.0975 -0.1)
(0.003125 0.1425 -0.1)
(0.025 0.1425 -0.1)
(0.0177083 0.1425 -0.1)
(0.0177083 0.15 -0.1)
(0.0177083 0.1275 -0.1)
(0.003125 0.1725 -0.1)
(0.025 0.1725 -0.1)
(0.0177083 0.1725 -0.1)
(0.0177083 0.18 -0.1)
(0.0177083 0.1575 -0.1)
(0.0104167 0.195 -0.1)
(0.003125 0.195 -0.1)
(0.025 0.195 -0.1)
(0.0177083 0.195 -0.1)
(0.0177083 0.1875 -0.1)
(0.0322917 -0.1875 -0.1)
(0.0541667 -0.1875 -0.1)
(0.046875 -0.1875 -0.1)
(0.046875 -0.18 -0.1)
(0.046875 -0.195 -0.1)
(0.0322917 -0.1575 -0.1)
(0.0541667 -0.1575 -0.1)
(0.046875 -0.1575 -0.1)
(0.046875 -0.15 -0.1)
(0.046875 -0.1725 -0.1)
(0.0322917 -0.1275 -0.1)
(0.0541667 -0.1275 -0.1)
(0.046875 -0.1275 -0.1)
(0.046875 -0.12 -0.1)
(0.046875 -0.1425 -0.1)
(0.0322917 -0.0975 -0.1)
(0.0541667 -0.0975 -0.1)
(0.046875 -0.0975 -0.1)
(0.046875 -0.09 -0.1)
(0.046875 -0.1125 -0.1)
(0.0322917 -0.0675 -0.1)
(0.0541667 -0.0675 -0.1)
(0.046875 -0.0675 -0.1)
(0.046875 -0.06 -0.1)
(0.046875 -0.0825 -0.1)
(0.0322917 -0.0375 -0.1)
(0.0541667 -0.0375 -0.1)
(0.046875 -0.0375 -0.1)
(0.046875 -0.03 -0.1)
(0.046875 -0.0525 -0.1)
(0.0322917 -0.0075 -0.1)
(0.0541667 -0.0075 -0.1)
(0.046875 -0.0075 -0.1)
(0.046875 1.15648e-18 -0.1)
(0.046875 -0.0225 -0.1)
(0.0322917 0.0225 -0.1)
(0.0541667 0.0225 -0.1)
(0.046875 0.0225 -0.1)
(0.046875 0.03 -0.1)
(0.046875 0.0075 -0.1)
(0.0322917 0.0525 -0.1)
(0.0541667 0.0525 -0.1)
(0.046875 0.0525 -0.1)
(0.046875 0.06 -0.1)
(0.046875 0.0375 -0.1)
(0.0322917 0.0825 -0.1)
(0.0541667 0.0825 -0.1)
(0.046875 0.0825 -0.1)
(0.046875 0.09 -0.1)
(0.046875 0.0675 -0.1)
(0.0322917 0.1125 -0.1)
(0.0541667 0.1125 -0.1)
(0.046875 0.1125 -0.1)
(0.046875 0.12 -0.1)
(0.046875 0.0975 -0.1)
(0.0322917 0.1425 -0.1)
(0.0541667 0.1425 -0.1)
(0.046875 0.1425 -0.1)
(0.046875 0.15 -0.1)
(0.046875 0.1275 -0.1)
(0.0322917 0.1725 -0.1)
(0.0541667 0.1725 -0.1)
(0.046875 0.1725 -0.1)
(0.046875 0.18 -0.1)
(0.046875 0.1575 -0.1)
(0.0395833 0.195 -0.1)
(0.0322917 0.195 -0.1)
(0.0541667 0.195 -0.1)
(0.046875 0.195 -0.1)
(0.046875 0.1875 -0.1)
(0.0614583 -0.1875 -0.1)
(0.0833333 -0.1875 -0.1)
(0.0760417 -0.1875 -0.1)
(0.0760417 -0.18 -0.1)
(0.0760417 -0.195 -0.1)
(0.0614583 -0.1575 -0.1)
(0.0833333 -0.1575 -0.1)
(0.0760417 -0.1575 -0.1)
(0.0760417 -0.15 -0.1)
(0.0760417 -0.1725 -0.1)
(0.0614583 -0.1275 -0.1)
(0.0833333 -0.1275 -0.1)
(0.0760417 -0.1275 -0.1)
(0.0760417 -0.12 -0.1)
(0.0760417 -0.1425 -0.1)
(0.0614583 -0.0975 -0.1)
(0.0833333 -0.0975 -0.1)
(0.0760417 -0.0975 -0.1)
(0.0760417 -0.09 -0.1)
(0.0760417 -0.1125 -0.1)
(0.0614583 -0.0675 -0.1)
(0.0833333 -0.0675 -0.1)
(0.0760417 -0.0675 -0.1)
(0.0760417 -0.06 -0.1)
(0.0760417 -0.0825 -0.1)
(0.0614583 -0.0375 -0.1)
(0.0833333 -0.0375 -0.1)
(0.0760417 -0.0375 -0.1)
(0.0760417 -0.03 -0.1)
(0.0760417 -0.0525 -0.1)
(0.0614583 -0.0075 -0.1)
(0.0833333 -0.0075 -0.1)
(0.0760417 -0.0075 -0.1)
(0.0760417 5.78241e-19 -0.1)
(0.0760417 -0.0225 -0.1)
(0.0614583 0.0225 -0.1)
(0.0833333 0.0225 -0.1)
(0.0760417 0.0225 -0.1)
(0.0760417 0.03 -0.1)
(0.0760417 0.0075 -0.1)
(0.0614583 0.0525 -0.1)
(0.0833333 0.0525 -0.1)
(0.0760417 0.0525 -0.1)
(0.0760417 0.06 -0.1)
(0.0760417 0.0375 -0.1)
(0.0614583 0.0825 -0.1)
(0.0833333 0.0825 -0.1)
(0.0760417 0.0825 -0.1)
(0.0760417 0.09 -0.1)
(0.0760417 0.0675 -0.1)
(0.0614583 0.1125 -0.1)
(0.0833333 0.1125 -0.1)
(0.0760417 0.1125 -0.1)
(0.0760417 0.12 -0.1)
(0.0760417 0.0975 -0.1)
(0.0614583 0.1425 -0.1)
(0.0833333 0.1425 -0.1)
(0.0760417 0.1425 -0.1)
(0.0760417 0.15 -0.1)
(0.0760417 0.1275 -0.1)
(0.0614583 0.1725 -0.1)
(0.0833333 0.1725 -0.1)
(0.0760417 0.1725 -0.1)
(0.0760417 0.18 -0.1)
(0.0760417 0.1575 -0.1)
(0.06875 0.195 -0.1)
(0.0614583 0.195 -0.1)
(0.0833333 0.195 -0.1)
(0.0760417 0.195 -0.1)
(0.0760417 0.1875 -0.1)
(0.090625 -0.1875 -0.1)
(0.1125 -0.1875 -0.1)
(0.105208 -0.1875 -0.1)
(0.105208 -0.18 -0.1)
(0.105208 -0.195 -0.1)
(0.090625 -0.1575 -0.1)
(0.1125 -0.1575 -0.1)
(0.105208 -0.1575 -0.1)
(0.105208 -0.15 -0.1)
(0.105208 -0.1725 -0.1)
(0.090625 -0.1275 -0.1)
(0.1125 -0.1275 -0.1)
(0.105208 -0.1275 -0.1)
(0.105208 -0.12 -0.1)
(0.105208 -0.1425 -0.1)
(0.090625 -0.0975 -0.1)
(0.1125 -0.0975 -0.1)
(0.105208 -0.0975 -0.1)
(0.105208 -0.09 -0.1)
(0.105208 -0.1125 -0.1)
(0.090625 -0.0675 -0.1)
(0.1125 -0.0675 -0.1)
(0.105208 -0.0675 -0.1)
(0.105208 -0.06 -0.1)
(0.105208 -0.0825 -0.1)
(0.090625 -0.0375 -0.1)
(0.1125 -0.0375 -0.1)
(0.105208 -0.0375 -0.1)
(0.105208 -0.03 -0.1)
(0.105208 -0.0525 -0.1)
(0.090625 -0.0075 -0.1)
(0.1125 -0.0075 -0.1)
(0.105208 -0.0075 -0.1)
(0.105208 2.60209e-18 -0.1)
(0.105208 -0.0225 -0.1)
(0.090625 0.0225 -0.1)
(0.1125 0.0225 -0.1)
(0.105208 0.0225 -0.1)
(0.105208 0.03 -0.1)
(0.105208 0.0075 -0.1)
(0.090625 0.0525 -0.1)
(0.1125 0.0525 -0.1)
(0.105208 0.0525 -0.1)
(0.105208 0.06 -0.1)
(0.105208 0.0375 -0.1)
(0.090625 0.0825 -0.1)
(0.1125 0.0825 -0.1)
(0.105208 0.0825 -0.1)
(0.105208 0.09 -0.1)
(0.105208 0.0675 -0.1)
(0.090625 0.1125 -0.1)
(0.1125 0.1125 -0.1)
(0.105208 0.1125 -0.1)
(0.105208 0.12 -0.1)
(0.105208 0.0975 -0.1)
(0.090625 0.1425 -0.1)
(0.1125 0.1425 -0.1)
(0.105208 0.1425 -0.1)
(0.105208 0.15 -0.1)
(0.105208 0.1275 -0.1)
(0.090625 0.1725 -0.1)
(0.1125 0.1725 -0.1)
(0.105208 0.1725 -0.1)
(0.105208 0.18 -0.1)
(0.105208 0.1575 -0.1)
(0.0979167 0.195 -0.1)
(0.090625 0.195 -0.1)
(0.1125 0.195 -0.1)
(0.105208 0.195 -0.1)
(0.105208 0.1875 -0.1)
(0.119792 -0.1875 -0.1)
(0.141667 -0.1875 -0.1)
(0.134375 -0.1875 -0.1)
(0.134375 -0.18 -0.1)
(0.134375 -0.195 -0.1)
(0.119792 -0.1575 -0.1)
(0.141667 -0.1575 -0.1)
(0.134375 -0.1575 -0.1)
(0.134375 -0.15 -0.1)
(0.134375 -0.1725 -0.1)
(0.119792 -0.1275 -0.1)
(0.141667 -0.1275 -0.1)
(0.134375 -0.1275 -0.1)
(0.134375 -0.12 -0.1)
(0.134375 -0.1425 -0.1)
(0.119792 -0.0975 -0.1)
(0.141667 -0.0975 -0.1)
(0.134375 -0.0975 -0.1)
(0.134375 -0.09 -0.1)
(0.134375 -0.1125 -0.1)
(0.119792 -0.0675 -0.1)
(0.141667 -0.0675 -0.1)
(0.134375 -0.0675 -0.1)
(0.134375 -0.06 -0.1)
(0.134375 -0.0825 -0.1)
(0.119792 -0.0375 -0.1)
(0.141667 -0.0375 -0.1)
(0.134375 -0.0375 -0.1)
(0.134375 -0.03 -0.1)
(0.134375 -0.0525 -0.1)
(0.119792 -0.0075 -0.1)
(0.141667 -0.0075 -0.1)
(0.134375 -0.0075 -0.1)
(0.134375 -4.33681e-19 -0.1)
(0.134375 -0.0225 -0.1)
(0.119792 0.0225 -0.1)
(0.141667 0.0225 -0.1)
(0.134375 0.0225 -0.1)
(0.134375 0.03 -0.1)
(0.134375 0.0075 -0.1)
(0.119792 0.0525 -0.1)
(0.141667 0.0525 -0.1)
(0.134375 0.0525 -0.1)
(0.134375 0.06 -0.1)
(0.134375 0.0375 -0.1)
(0.119792 0.0825 -0.1)
(0.141667 0.0825 -0.1)
(0.134375 0.0825 -0.1)
(0.134375 0.09 -0.1)
(0.134375 0.0675 -0.1)
(0.119792 0.1125 -0.1)
(0.141667 0.1125 -0.1)
(0.134375 0.1125 -0.1)
(0.134375 0.12 -0.1)
(0.134375 0.0975 -0.1)
(0.119792 0.1425 -0.1)
(0.141667 0.1425 -0.1)
(0.134375 0.1425 -0.1)
(0.134375 0.15 -0.1)
(0.134375 0.1275 -0.1)
(0.119792 0.1725 -0.1)
(0.141667 0.1725 -0.1)
(0.134375 0.1725 -0.1)
(0.134375 0.18 -0.1)
(0.134375 0.1575 -0.1)
(0.127083 0.195 -0.1)
(0.119792 0.195 -0.1)
(0.141667 0.195 -0.1)
(0.134375 0.195 -0.1)
(0.134375 0.1875 -0.1)
(0.148958 -0.1875 -0.1)
(0.170833 -0.1875 -0.1)
(0.163542 -0.1875 -0.1)
(0.163542 -0.18 -0.1)
(0.163542 -0.195 -0.1)
(0.148958 -0.1575 -0.1)
(0.170833 -0.1575 -0.1)
(0.163542 -0.1575 -0.1)
(0.163542 -0.15 -0.1)
(0.163542 -0.1725 -0.1)
(0.148958 -0.1275 -0.1)
(0.170833 -0.1275 -0.1)
(0.163542 -0.1275 -0.1)
(0.163542 -0.12 -0.1)
(0.163542 -0.1425 -0.1)
(0.148958 -0.0975 -0.1)
(0.170833 -0.0975 -0.1)
(0.163542 -0.0975 -0.1)
(0.163542 -0.09 -0.1)
(0.163542 -0.1125 -0.1)
(0.148958 -0.0675 -0.1)
(0.170833 -0.0675 -0.1)
(0.163542 -0.0675 -0.1)
(0.163542 -0.06 -0.1)
(0.163542 -0.0825 -0.1)
(0.148958 -0.0375 -0.1)
(0.170833 -0.0375 -0.1)
(0.163542 -0.0375 -0.1)
(0.163542 -0.03 -0.1)
(0.163542 -0.0525 -0.1)
(0.148958 -0.0075 -0.1)
(0.170833 -0.0075 -0.1)
(0.163542 -0.0075 -0.1)
(0.163542 -3.25261e-18 -0.1)
(0.163542 -0.0225 -0.1)
(0.148958 0.0225 -0.1)
(0.170833 0.0225 -0.1)
(0.163542 0.0225 -0.1)
(0.163542 0.03 -0.1)
(0.163542 0.0075 -0.1)
(0.148958 0.0525 -0.1)
(0.170833 0.0525 -0.1)
(0.163542 0.0525 -0.1)
(0.163542 0.06 -0.1)
(0.163542 0.0375 -0.1)
(0.148958 0.0825 -0.1)
(0.170833 0.0825 -0.1)
(0.163542 0.0825 -0.1)
(0.163542 0.09 -0.1)
(0.163542 0.0675 -0.1)
(0.148958 0.1125 -0.1)
(0.170833 0.1125 -0.1)
(0.163542 0.1125 -0.1)
(0.163542 0.12 -0.1)
(0.163542 0.0975 -0.1)
(0.148958 0.1425 -0.1)
(0.170833 0.1425 -0.1)
(0.163542 0.1425 -0.1)
(0.163542 0.15 -0.1)
(0.163542 0.1275 -0.1)
(0.148958 0.1725 -0.1)
(0.170833 0.1725 -0.1)
(0.163542 0.1725 -0.1)
(0.163542 0.18 -0.1)
(0.163542 0.1575 -0.1)
(0.15625 0.195 -0.1)
(0.148958 0.195 -0.1)
(0.170833 0.195 -0.1)
(0.163542 0.195 -0.1)
(0.163542 0.1875 -0.1)
(0.178125 -0.1875 -0.1)
(0.2 -0.18 -0.1)
(0.2 -0.1875 -0.1)
(0.192708 -0.1875 -0.1)
(0.192708 -0.18 -0.1)
(0.2 -0.21 -0.1)
(0.192708 -0.195 -0.1)
(0.2 -0.195 -0.1)
(0.178125 -0.1575 -0.1)
(0.2 -0.15 -0.1)
(0.2 -0.1575 -0.1)
(0.192708 -0.1575 -0.1)
(0.192708 -0.15 -0.1)
(0.192708 -0.1725 -0.1)
(0.2 -0.1725 -0.1)
(0.178125 -0.1275 -0.1)
(0.2 -0.12 -0.1)
(0.2 -0.1275 -0.1)
(0.192708 -0.1275 -0.1)
(0.192708 -0.12 -0.1)
(0.192708 -0.1425 -0.1)
(0.2 -0.1425 -0.1)
(0.178125 -0.0975 -0.1)
(0.2 -0.09 -0.1)
(0.2 -0.0975 -0.1)
(0.192708 -0.0975 -0.1)
(0.192708 -0.09 -0.1)
(0.192708 -0.1125 -0.1)
(0.2 -0.1125 -0.1)
(0.178125 -0.0675 -0.1)
(0.2 -0.06 -0.1)
(0.2 -0.0675 -0.1)
(0.192708 -0.0675 -0.1)
(0.192708 -0.06 -0.1)
(0.192708 -0.0825 -0.1)
(0.2 -0.0825 -0.1)
(0.178125 -0.0375 -0.1)
(0.2 -0.03 -0.1)
(0.2 -0.0375 -0.1)
(0.192708 -0.0375 -0.1)
(0.192708 -0.03 -0.1)
(0.192708 -0.0525 -0.1)
(0.2 -0.0525 -0.1)
(0.178125 -0.0075 -0.1)
(0.2 0 -0.1)
(0.2 -0.0075 -0.1)
(0.192708 -0.0075 -0.1)
(0.192708 -9.39642e-19 -0.1)
(0.192708 -0.0225 -0.1)
(0.2 -0.0225 -0.1)
(0.178125 0.0225 -0.1)
(0.2 0.03 -0.1)
(0.2 0.0225 -0.1)
(0.192708 0.0225 -0.1)
(0.192708 0.03 -0.1)
(0.192708 0.0075 -0.1)
(0.2 0.0075 -0.1)
(0.178125 0.0525 -0.1)
(0.2 0.06 -0.1)
(0.2 0.0525 -0.1)
(0.192708 0.0525 -0.1)
(0.192708 0.06 -0.1)
(0.192708 0.0375 -0.1)
(0.2 0.0375 -0.1)
(0.178125 0.0825 -0.1)
(0.2 0.09 -0.1)
(0.2 0.0825 -0.1)
(0.192708 0.0825 -0.1)
(0.192708 0.09 -0.1)
(0.192708 0.0675 -0.1)
(0.2 0.0675 -0.1)
(0.178125 0.1125 -0.1)
(0.2 0.12 -0.1)
(0.2 0.1125 -0.1)
(0.192708 0.1125 -0.1)
(0.192708 0.12 -0.1)
(0.192708 0.0975 -0.1)
(0.2 0.0975 -0.1)
(0.178125 0.1425 -0.1)
(0.2 0.15 -0.1)
(0.2 0.1425 -0.1)
(0.192708 0.1425 -0.1)
(0.192708 0.15 -0.1)
(0.192708 0.1275 -0.1)
(0.2 0.1275 -0.1)
(0.178125 0.1725 -0.1)
(0.2 0.18 -0.1)
(0.2 0.1725 -0.1)
(0.192708 0.1725 -0.1)
(0.192708 0.18 -0.1)
(0.192708 0.1575 -0.1)
(0.2 0.1575 -0.1)
(0.185417 0.195 -0.1)
(0.178125 0.195 -0.1)
(0.2 0.21 -0.1)
(0.2 0.195 -0.1)
(0.192708 0.195 -0.1)
(0.192708 0.1875 -0.1)
(0.2 0.1875 -0.1)
(-0.0333333 -0.165 -0.1)
(-0.0333333 -0.135 -0.1)
(-0.0333333 -0.105 -0.1)
(-0.0333333 -0.075 -0.1)
(-0.0333333 -0.045 -0.1)
(-0.0333333 -0.015 -0.1)
(-0.0333333 0.015 -0.1)
(-0.0333333 0.045 -0.1)
(-0.0333333 0.075 -0.1)
(-0.0333333 0.105 -0.1)
(-0.0333333 0.135 -0.1)
(-0.0333333 0.165 -0.1)
(-0.0260417 -0.165 -0.1)
(-0.01875 -0.165 -0.1)
(-0.01875 -0.1725 -0.1)
(-0.01875 -0.18 -0.1)
(-0.0260417 -0.135 -0.1)
(-0.01875 -0.135 -0.1)
(-0.01875 -0.1425 -0.1)
(-0.01875 -0.15 -0.1)
(-0.0260417 -0.105 -0.1)
(-0.01875 -0.105 -0.1)
(-0.01875 -0.1125 -0.1)
(-0.01875 -0.12 -0.1)
(-0.0260417 -0.075 -0.1)
(-0.01875 -0.075 -0.1)
(-0.01875 -0.0825 -0.1)
(-0.01875 -0.09 -0.1)
(-0.0260417 -0.045 -0.1)
(-0.01875 -0.045 -0.1)
(-0.01875 -0.0525 -0.1)
(-0.01875 -0.06 -0.1)
(-0.0260417 -0.015 -0.1)
(-0.01875 -0.015 -0.1)
(-0.01875 -0.0225 -0.1)
(-0.01875 -0.03 -0.1)
(-0.0260417 0.015 -0.1)
(-0.01875 0.015 -0.1)
(-0.01875 0.0075 -0.1)
(-0.01875 -1.15648e-18 -0.1)
(-0.0260417 0.045 -0.1)
(-0.01875 0.045 -0.1)
(-0.01875 0.0375 -0.1)
(-0.01875 0.03 -0.1)
(-0.0260417 0.075 -0.1)
(-0.01875 0.075 -0.1)
(-0.01875 0.0675 -0.1)
(-0.01875 0.06 -0.1)
(-0.0260417 0.105 -0.1)
(-0.01875 0.105 -0.1)
(-0.01875 0.0975 -0.1)
(-0.01875 0.09 -0.1)
(-0.0260417 0.135 -0.1)
(-0.01875 0.135 -0.1)
(-0.01875 0.1275 -0.1)
(-0.01875 0.12 -0.1)
(-0.0260417 0.165 -0.1)
(-0.01875 0.165 -0.1)
(-0.01875 0.1575 -0.1)
(-0.01875 0.15 -0.1)
(-0.01875 0.1875 -0.1)
(-0.01875 0.18 -0.1)
(-0.00416667 -0.165 -0.1)
(0.003125 -0.165 -0.1)
(0.0104167 -0.165 -0.1)
(0.0104167 -0.1725 -0.1)
(0.0104167 -0.18 -0.1)
(-0.00416667 -0.135 -0.1)
(0.003125 -0.135 -0.1)
(0.0104167 -0.135 -0.1)
(0.0104167 -0.1425 -0.1)
(0.0104167 -0.15 -0.1)
(-0.00416667 -0.105 -0.1)
(0.003125 -0.105 -0.1)
(0.0104167 -0.105 -0.1)
(0.0104167 -0.1125 -0.1)
(0.0104167 -0.12 -0.1)
(-0.00416667 -0.075 -0.1)
(0.003125 -0.075 -0.1)
(0.0104167 -0.075 -0.1)
(0.0104167 -0.0825 -0.1)
(0.0104167 -0.09 -0.1)
(-0.00416667 -0.045 -0.1)
(0.003125 -0.045 -0.1)
(0.0104167 -0.045 -0.1)
(0.0104167 -0.0525 -0.1)
(0.0104167 -0.06 -0.1)
(-0.00416667 -0.015 -0.1)
(0.003125 -0.015 -0.1)
(0.0104167 -0.015 -0.1)
(0.0104167 -0.0225 -0.1)
(0.0104167 -0.03 -0.1)
(-0.00416667 0.015 -0.1)
(0.003125 0.015 -0.1)
(0.0104167 0.015 -0.1)
(0.0104167 0.0075 -0.1)
(0.0104167 -2.31296e-18 -0.1)
(-0.00416667 0.045 -0.1)
(0.003125 0.045 -0.1)
(0.0104167 0.045 -0.1)
(0.0104167 0.0375 -0.1)
(0.0104167 0.03 -0.1)
(-0.00416667 0.075 -0.1)
(0.003125 0.075 -0.1)
(0.0104167 0.075 -0.1)
(0.0104167 0.0675 -0.1)
(0.0104167 0.06 -0.1)
(-0.00416667 0.105 -0.1)
(0.003125 0.105 -0.1)
(0.0104167 0.105 -0.1)
(0.0104167 0.0975 -0.1)
(0.0104167 0.09 -0.1)
(-0.00416667 0.135 -0.1)
(0.003125 0.135 -0.1)
(0.0104167 0.135 -0.1)
(0.0104167 0.1275 -0.1)
(0.0104167 0.12 -0.1)
(-0.00416667 0.165 -0.1)
(0.003125 0.165 -0.1)
(0.0104167 0.165 -0.1)
(0.0104167 0.1575 -0.1)
(0.0104167 0.15 -0.1)
(0.0104167 0.1875 -0.1)
(0.0104167 0.18 -0.1)
(0.025 -0.165 -0.1)
(0.0322917 -0.165 -0.1)
(0.0395833 -0.165 -0.1)
(0.0395833 -0.1725 -0.1)
(0.0395833 -0.18 -0.1)
(0.025 -0.135 -0.1)
(0.0322917 -0.135 -0.1)
(0.0395833 -0.135 -0.1)
(0.0395833 -0.1425 -0.1)
(0.0395833 -0.15 -0.1)
(0.025 -0.105 -0.1)
(0.0322917 -0.105 -0.1)
(0.0395833 -0.105 -0.1)
(0.0395833 -0.1125 -0.1)
(0.0395833 -0.12 -0.1)
(0.025 -0.075 -0.1)
(0.0322917 -0.075 -0.1)
(0.0395833 -0.075 -0.1)
(0.0395833 -0.0825 -0.1)
(0.0395833 -0.09 -0.1)
(0.025 -0.045 -0.1)
(0.0322917 -0.045 -0.1)
(0.0395833 -0.045 -0.1)
(0.0395833 -0.0525 -0.1)
(0.0395833 -0.06 -0.1)
(0.025 -0.015 -0.1)
(0.0322917 -0.015 -0.1)
(0.0395833 -0.015 -0.1)
(0.0395833 -0.0225 -0.1)
(0.0395833 -0.03 -0.1)
(0.025 0.015 -0.1)
(0.0322917 0.015 -0.1)
(0.0395833 0.015 -0.1)
(0.0395833 0.0075 -0.1)
(0.0395833 0 -0.1)
(0.025 0.045 -0.1)
(0.0322917 0.045 -0.1)
(0.0395833 0.045 -0.1)
(0.0395833 0.0375 -0.1)
(0.0395833 0.03 -0.1)
(0.025 0.075 -0.1)
(0.0322917 0.075 -0.1)
(0.0395833 0.075 -0.1)
(0.0395833 0.0675 -0.1)
(0.0395833 0.06 -0.1)
(0.025 0.105 -0.1)
(0.0322917 0.105 -0.1)
(0.0395833 0.105 -0.1)
(0.0395833 0.0975 -0.1)
(0.0395833 0.09 -0.1)
(0.025 0.135 -0.1)
(0.0322917 0.135 -0.1)
(0.0395833 0.135 -0.1)
(0.0395833 0.1275 -0.1)
(0.0395833 0.12 -0.1)
(0.025 0.165 -0.1)
(0.0322917 0.165 -0.1)
(0.0395833 0.165 -0.1)
(0.0395833 0.1575 -0.1)
(0.0395833 0.15 -0.1)
(0.0395833 0.1875 -0.1)
(0.0395833 0.18 -0.1)
(0.0541667 -0.165 -0.1)
(0.0614583 -0.165 -0.1)
(0.06875 -0.165 -0.1)
(0.06875 -0.1725 -0.1)
(0.06875 -0.18 -0.1)
(0.0541667 -0.135 -0.1)
(0.0614583 -0.135 -0.1)
(0.06875 -0.135 -0.1)
(0.06875 -0.1425 -0.1)
(0.06875 -0.15 -0.1)
(0.0541667 -0.105 -0.1)
(0.0614583 -0.105 -0.1)
(0.06875 -0.105 -0.1)
(0.06875 -0.1125 -0.1)
(0.06875 -0.12 -0.1)
(0.0541667 -0.075 -0.1)
(0.0614583 -0.075 -0.1)
(0.06875 -0.075 -0.1)
(0.06875 -0.0825 -0.1)
(0.06875 -0.09 -0.1)
(0.0541667 -0.045 -0.1)
(0.0614583 -0.045 -0.1)
(0.06875 -0.045 -0.1)
(0.06875 -0.0525 -0.1)
(0.06875 -0.06 -0.1)
(0.0541667 -0.015 -0.1)
(0.0614583 -0.015 -0.1)
(0.06875 -0.015 -0.1)
(0.06875 -0.0225 -0.1)
(0.06875 -0.03 -0.1)
(0.0541667 0.015 -0.1)
(0.0614583 0.015 -0.1)
(0.06875 0.015 -0.1)
(0.06875 0.0075 -0.1)
(0.06875 1.15648e-18 -0.1)
(0.0541667 0.045 -0.1)
(0.0614583 0.045 -0.1)
(0.06875 0.045 -0.1)
(0.06875 0.0375 -0.1)
(0.06875 0.03 -0.1)
(0.0541667 0.075 -0.1)
(0.0614583 0.075 -0.1)
(0.06875 0.075 -0.1)
(0.06875 0.0675 -0.1)
(0.06875 0.06 -0.1)
(0.0541667 0.105 -0.1)
(0.0614583 0.105 -0.1)
(0.06875 0.105 -0.1)
(0.06875 0.0975 -0.1)
(0.06875 0.09 -0.1)
(0.0541667 0.135 -0.1)
(0.0614583 0.135 -0.1)
(0.06875 0.135 -0.1)
(0.06875 0.1275 -0.1)
(0.06875 0.12 -0.1)
(0.0541667 0.165 -0.1)
(0.0614583 0.165 -0.1)
(0.06875 0.165 -0.1)
(0.06875 0.1575 -0.1)
(0.06875 0.15 -0.1)
(0.06875 0.1875 -0.1)
(0.06875 0.18 -0.1)
(0.0833333 -0.165 -0.1)
(0.090625 -0.165 -0.1)
(0.0979167 -0.165 -0.1)
(0.0979167 -0.1725 -0.1)
(0.0979167 -0.18 -0.1)
(0.0833333 -0.135 -0.1)
(0.090625 -0.135 -0.1)
(0.0979167 -0.135 -0.1)
(0.0979167 -0.1425 -0.1)
(0.0979167 -0.15 -0.1)
(0.0833333 -0.105 -0.1)
(0.090625 -0.105 -0.1)
(0.0979167 -0.105 -0.1)
(0.0979167 -0.1125 -0.1)
(0.0979167 -0.12 -0.1)
(0.0833333 -0.075 -0.1)
(0.090625 -0.075 -0.1)
(0.0979167 -0.075 -0.1)
(0.0979167 -0.0825 -0.1)
(0.0979167 -0.09 -0.1)
(0.0833333 -0.045 -0.1)
(0.090625 -0.045 -0.1)
(0.0979167 -0.045 -0.1)
(0.0979167 -0.0525 -0.1)
(0.0979167 -0.06 -0.1)
(0.0833333 -0.015 -0.1)
(0.090625 -0.015 -0.1)
(0.0979167 -0.015 -0.1)
(0.0979167 -0.0225 -0.1)
(0.0979167 -0.03 -0.1)
(0.0833333 0.015 -0.1)
(0.090625 0.015 -0.1)
(0.0979167 0.015 -0.1)
(0.0979167 0.0075 -0.1)
(0.0979167 1.73472e-18 -0.1)
(0.0833333 0.045 -0.1)
(0.090625 0.045 -0.1)
(0.0979167 0.045 -0.1)
(0.0979167 0.0375 -0.1)
(0.0979167 0.03 -0.1)
(0.0833333 0.075 -0.1)
(0.090625 0.075 -0.1)
(0.0979167 0.075 -0.1)
(0.0979167 0.0675 -0.1)
(0.0979167 0.06 -0.1)
(0.0833333 0.105 -0.1)
(0.090625 0.105 -0.1)
(0.0979167 0.105 -0.1)
(0.0979167 0.0975 -0.1)
(0.0979167 0.09 -0.1)
(0.0833333 0.135 -0.1)
(0.090625 0.135 -0.1)
(0.0979167 0.135 -0.1)
(0.0979167 0.1275 -0.1)
(0.0979167 0.12 -0.1)
(0.0833333 0.165 -0.1)
(0.090625 0.165 -0.1)
(0.0979167 0.165 -0.1)
(0.0979167 0.1575 -0.1)
(0.0979167 0.15 -0.1)
(0.0979167 0.1875 -0.1)
(0.0979167 0.18 -0.1)
(0.1125 -0.165 -0.1)
(0.119792 -0.165 -0.1)
(0.127083 -0.165 -0.1)
(0.127083 -0.1725 -0.1)
(0.127083 -0.18 -0.1)
(0.1125 -0.135 -0.1)
(0.119792 -0.135 -0.1)
(0.127083 -0.135 -0.1)
(0.127083 -0.1425 -0.1)
(0.127083 -0.15 -0.1)
(0.1125 -0.105 -0.1)
(0.119792 -0.105 -0.1)
(0.127083 -0.105 -0.1)
(0.127083 -0.1125 -0.1)
(0.127083 -0.12 -0.1)
(0.1125 -0.075 -0.1)
(0.119792 -0.075 -0.1)
(0.127083 -0.075 -0.1)
(0.127083 -0.0825 -0.1)
(0.127083 -0.09 -0.1)
(0.1125 -0.045 -0.1)
(0.119792 -0.045 -0.1)
(0.127083 -0.045 -0.1)
(0.127083 -0.0525 -0.1)
(0.127083 -0.06 -0.1)
(0.1125 -0.015 -0.1)
(0.119792 -0.015 -0.1)
(0.127083 -0.015 -0.1)
(0.127083 -0.0225 -0.1)
(0.127083 -0.03 -0.1)
(0.1125 0.015 -0.1)
(0.119792 0.015 -0.1)
(0.127083 0.015 -0.1)
(0.127083 0.0075 -0.1)
(0.127083 8.67362e-19 -0.1)
(0.1125 0.045 -0.1)
(0.119792 0.045 -0.1)
(0.127083 0.045 -0.1)
(0.127083 0.0375 -0.1)
(0.127083 0.03 -0.1)
(0.1125 0.075 -0.1)
(0.119792 0.075 -0.1)
(0.127083 0.075 -0.1)
(0.127083 0.0675 -0.1)
(0.127083 0.06 -0.1)
(0.1125 0.105 -0.1)
(0.119792 0.105 -0.1)
(0.127083 0.105 -0.1)
(0.127083 0.0975 -0.1)
(0.127083 0.09 -0.1)
(0.1125 0.135 -0.1)
(0.119792 0.135 -0.1)
(0.127083 0.135 -0.1)
(0.127083 0.1275 -0.1)
(0.127083 0.12 -0.1)
(0.1125 0.165 -0.1)
(0.119792 0.165 -0.1)
(0.127083 0.165 -0.1)
(0.127083 0.1575 -0.1)
(0.127083 0.15 -0.1)
(0.127083 0.1875 -0.1)
(0.127083 0.18 -0.1)
(0.141667 -0.165 -0.1)
(0.148958 -0.165 -0.1)
(0.15625 -0.165 -0.1)
(0.15625 -0.1725 -0.1)
(0.15625 -0.18 -0.1)
(0.141667 -0.135 -0.1)
(0.148958 -0.135 -0.1)
(0.15625 -0.135 -0.1)
(0.15625 -0.1425 -0.1)
(0.15625 -0.15 -0.1)
(0.141667 -0.105 -0.1)
(0.148958 -0.105 -0.1)
(0.15625 -0.105 -0.1)
(0.15625 -0.1125 -0.1)
(0.15625 -0.12 -0.1)
(0.141667 -0.075 -0.1)
(0.148958 -0.075 -0.1)
(0.15625 -0.075 -0.1)
(0.15625 -0.0825 -0.1)
(0.15625 -0.09 -0.1)
(0.141667 -0.045 -0.1)
(0.148958 -0.045 -0.1)
(0.15625 -0.045 -0.1)
(0.15625 -0.0525 -0.1)
(0.15625 -0.06 -0.1)
(0.141667 -0.015 -0.1)
(0.148958 -0.015 -0.1)
(0.15625 -0.015 -0.1)
(0.15625 -0.0225 -0.1)
(0.15625 -0.03 -0.1)
(0.141667 0.015 -0.1)
(0.148958 0.015 -0.1)
(0.15625 0.015 -0.1)
(0.15625 0.0075 -0.1)
(0.15625 -2.74665e-18 -0.1)
(0.141667 0.045 -0.1)
(0.148958 0.045 -0.1)
(0.15625 0.045 -0.1)
(0.15625 0.0375 -0.1)
(0.15625 0.03 -0.1)
(0.141667 0.075 -0.1)
(0.148958 0.075 -0.1)
(0.15625 0.075 -0.1)
(0.15625 0.0675 -0.1)
(0.15625 0.06 -0.1)
(0.141667 0.105 -0.1)
(0.148958 0.105 -0.1)
(0.15625 0.105 -0.1)
(0.15625 0.0975 -0.1)
(0.15625 0.09 -0.1)
(0.141667 0.135 -0.1)
(0.148958 0.135 -0.1)
(0.15625 0.135 -0.1)
(0.15625 0.1275 -0.1)
(0.15625 0.12 -0.1)
(0.141667 0.165 -0.1)
(0.148958 0.165 -0.1)
(0.15625 0.165 -0.1)
(0.15625 0.1575 -0.1)
(0.15625 0.15 -0.1)
(0.15625 0.1875 -0.1)
(0.15625 0.18 -0.1)
(0.2 -0.225 -0.1)
(0.170833 -0.165 -0.1)
(0.178125 -0.165 -0.1)
(0.185417 -0.165 -0.1)
(0.185417 -0.1725 -0.1)
(0.185417 -0.18 -0.1)
(0.170833 -0.135 -0.1)
(0.178125 -0.135 -0.1)
(0.185417 -0.135 -0.1)
(0.185417 -0.1425 -0.1)
(0.185417 -0.15 -0.1)
(0.170833 -0.105 -0.1)
(0.178125 -0.105 -0.1)
(0.185417 -0.105 -0.1)
(0.185417 -0.1125 -0.1)
(0.185417 -0.12 -0.1)
(0.170833 -0.075 -0.1)
(0.178125 -0.075 -0.1)
(0.185417 -0.075 -0.1)
(0.185417 -0.0825 -0.1)
(0.185417 -0.09 -0.1)
(0.170833 -0.045 -0.1)
(0.178125 -0.045 -0.1)
(0.185417 -0.045 -0.1)
(0.185417 -0.0525 -0.1)
(0.185417 -0.06 -0.1)
(0.170833 -0.015 -0.1)
(0.178125 -0.015 -0.1)
(0.185417 -0.015 -0.1)
(0.185417 -0.0225 -0.1)
(0.185417 -0.03 -0.1)
(0.170833 0.015 -0.1)
(0.178125 0.015 -0.1)
(0.185417 0.015 -0.1)
(0.185417 0.0075 -0.1)
(0.185417 -1.87928e-18 -0.1)
(0.170833 0.045 -0.1)
(0.178125 0.045 -0.1)
(0.185417 0.045 -0.1)
(0.185417 0.0375 -0.1)
(0.185417 0.03 -0.1)
(0.170833 0.075 -0.1)
(0.178125 0.075 -0.1)
(0.185417 0.075 -0.1)
(0.185417 0.0675 -0.1)
(0.185417 0.06 -0.1)
(0.170833 0.105 -0.1)
(0.178125 0.105 -0.1)
(0.185417 0.105 -0.1)
(0.185417 0.0975 -0.1)
(0.185417 0.09 -0.1)
(0.170833 0.135 -0.1)
(0.178125 0.135 -0.1)
(0.185417 0.135 -0.1)
(0.185417 0.1275 -0.1)
(0.185417 0.12 -0.1)
(0.170833 0.165 -0.1)
(0.178125 0.165 -0.1)
(0.185417 0.165 -0.1)
(0.185417 0.1575 -0.1)
(0.185417 0.15 -0.1)
(0.185417 0.1875 -0.1)
(0.185417 0.18 -0.1)
(0.2 0.225 -0.1)
(-0.01875 -0.1875 -0.1)
(-0.01875 -0.1575 -0.1)
(-0.0114583 -0.165 -0.1)
(-0.01875 -0.1275 -0.1)
(-0.0114583 -0.135 -0.1)
(-0.01875 -0.0975 -0.1)
(-0.0114583 -0.105 -0.1)
(-0.01875 -0.0675 -0.1)
(-0.0114583 -0.075 -0.1)
(-0.01875 -0.0375 -0.1)
(-0.0114583 -0.045 -0.1)
(-0.01875 -0.0075 -0.1)
(-0.0114583 -0.015 -0.1)
(-0.01875 0.0225 -0.1)
(-0.0114583 0.015 -0.1)
(-0.01875 0.0525 -0.1)
(-0.0114583 0.045 -0.1)
(-0.01875 0.0825 -0.1)
(-0.0114583 0.075 -0.1)
(-0.01875 0.1125 -0.1)
(-0.0114583 0.105 -0.1)
(-0.01875 0.1425 -0.1)
(-0.0114583 0.135 -0.1)
(-0.01875 0.1725 -0.1)
(-0.0114583 0.165 -0.1)
(0.0104167 -0.1875 -0.1)
(0.0104167 -0.1575 -0.1)
(0.0177083 -0.165 -0.1)
(0.0104167 -0.1275 -0.1)
(0.0177083 -0.135 -0.1)
(0.0104167 -0.0975 -0.1)
(0.0177083 -0.105 -0.1)
(0.0104167 -0.0675 -0.1)
(0.0177083 -0.075 -0.1)
(0.0104167 -0.0375 -0.1)
(0.0177083 -0.045 -0.1)
(0.0104167 -0.0075 -0.1)
(0.0177083 -0.015 -0.1)
(0.0104167 0.0225 -0.1)
(0.0177083 0.015 -0.1)
(0.0104167 0.0525 -0.1)
(0.0177083 0.045 -0.1)
(0.0104167 0.0825 -0.1)
(0.0177083 0.075 -0.1)
(0.0104167 0.1125 -0.1)
(0.0177083 0.105 -0.1)
(0.0104167 0.1425 -0.1)
(0.0177083 0.135 -0.1)
(0.0104167 0.1725 -0.1)
(0.0177083 0.165 -0.1)
(0.0395833 -0.1875 -0.1)
(0.0395833 -0.1575 -0.1)
(0.046875 -0.165 -0.1)
(0.0395833 -0.1275 -0.1)
(0.046875 -0.135 -0.1)
(0.0395833 -0.0975 -0.1)
(0.046875 -0.105 -0.1)
(0.0395833 -0.0675 -0.1)
(0.046875 -0.075 -0.1)
(0.0395833 -0.0375 -0.1)
(0.046875 -0.045 -0.1)
(0.0395833 -0.0075 -0.1)
(0.046875 -0.015 -0.1)
(0.0395833 0.0225 -0.1)
(0.046875 0.015 -0.1)
(0.0395833 0.0525 -0.1)
(0.046875 0.045 -0.1)
(0.0395833 0.0825 -0.1)
(0.046875 0.075 -0.1)
(0.0395833 0.1125 -0.1)
(0.046875 0.105 -0.1)
(0.0395833 0.1425 -0.1)
(0.046875 0.135 -0.1)
(0.0395833 0.1725 -0.1)
(0.046875 0.165 -0.1)
(0.06875 -0.1875 -0.1)
(0.06875 -0.1575 -0.1)
(0.0760417 -0.165 -0.1)
(0.06875 -0.1275 -0.1)
(0.0760417 -0.135 -0.1)
(0.06875 -0.0975 -0.1)
(0.0760417 -0.105 -0.1)
(0.06875 -0.0675 -0.1)
(0.0760417 -0.075 -0.1)
(0.06875 -0.0375 -0.1)
(0.0760417 -0.045 -0.1)
(0.06875 -0.0075 -0.1)
(0.0760417 -0.015 -0.1)
(0.06875 0.0225 -0.1)
(0.0760417 0.015 -0.1)
(0.06875 0.0525 -0.1)
(0.0760417 0.045 -0.1)
(0.06875 0.0825 -0.1)
(0.0760417 0.075 -0.1)
(0.06875 0.1125 -0.1)
(0.0760417 0.105 -0.1)
(0.06875 0.1425 -0.1)
(0.0760417 0.135 -0.1)
(0.06875 0.1725 -0.1)
(0.0760417 0.165 -0.1)
(0.0979167 -0.1875 -0.1)
(0.0979167 -0.1575 -0.1)
(0.105208 -0.165 -0.1)
(0.0979167 -0.1275 -0.1)
(0.105208 -0.135 -0.1)
(0.0979167 -0.0975 -0.1)
(0.105208 -0.105 -0.1)
(0.0979167 -0.0675 -0.1)
(0.105208 -0.075 -0.1)
(0.0979167 -0.0375 -0.1)
(0.105208 -0.045 -0.1)
(0.0979167 -0.0075 -0.1)
(0.105208 -0.015 -0.1)
(0.0979167 0.0225 -0.1)
(0.105208 0.015 -0.1)
(0.0979167 0.0525 -0.1)
(0.105208 0.045 -0.1)
(0.0979167 0.0825 -0.1)
(0.105208 0.075 -0.1)
(0.0979167 0.1125 -0.1)
(0.105208 0.105 -0.1)
(0.0979167 0.1425 -0.1)
(0.105208 0.135 -0.1)
(0.0979167 0.1725 -0.1)
(0.105208 0.165 -0.1)
(0.127083 -0.1875 -0.1)
(0.127083 -0.1575 -0.1)
(0.134375 -0.165 -0.1)
(0.127083 -0.1275 -0.1)
(0.134375 -0.135 -0.1)
(0.127083 -0.0975 -0.1)
(0.134375 -0.105 -0.1)
(0.127083 -0.0675 -0.1)
(0.134375 -0.075 -0.1)
(0.127083 -0.0375 -0.1)
(0.134375 -0.045 -0.1)
(0.127083 -0.0075 -0.1)
(0.134375 -0.015 -0.1)
(0.127083 0.0225 -0.1)
(0.134375 0.015 -0.1)
(0.127083 0.0525 -0.1)
(0.134375 0.045 -0.1)
(0.127083 0.0825 -0.1)
(0.134375 0.075 -0.1)
(0.127083 0.1125 -0.1)
(0.134375 0.105 -0.1)
(0.127083 0.1425 -0.1)
(0.134375 0.135 -0.1)
(0.127083 0.1725 -0.1)
(0.134375 0.165 -0.1)
(0.15625 -0.1875 -0.1)
(0.15625 -0.1575 -0.1)
(0.163542 -0.165 -0.1)
(0.15625 -0.1275 -0.1)
(0.163542 -0.135 -0.1)
(0.15625 -0.0975 -0.1)
(0.163542 -0.105 -0.1)
(0.15625 -0.0675 -0.1)
(0.163542 -0.075 -0.1)
(0.15625 -0.0375 -0.1)
(0.163542 -0.045 -0.1)
(0.15625 -0.0075 -0.1)
(0.163542 -0.015 -0.1)
(0.15625 0.0225 -0.1)
(0.163542 0.015 -0.1)
(0.15625 0.0525 -0.1)
(0.163542 0.045 -0.1)
(0.15625 0.0825 -0.1)
(0.163542 0.075 -0.1)
(0.15625 0.1125 -0.1)
(0.163542 0.105 -0.1)
(0.15625 0.1425 -0.1)
(0.163542 0.135 -0.1)
(0.15625 0.1725 -0.1)
(0.163542 0.165 -0.1)
(0.185417 -0.1875 -0.1)
(0.185417 -0.1575 -0.1)
(0.2 -0.165 -0.1)
(0.192708 -0.165 -0.1)
(0.185417 -0.1275 -0.1)
(0.2 -0.135 -0.1)
(0.192708 -0.135 -0.1)
(0.185417 -0.0975 -0.1)
(0.2 -0.105 -0.1)
(0.192708 -0.105 -0.1)
(0.185417 -0.0675 -0.1)
(0.2 -0.075 -0.1)
(0.192708 -0.075 -0.1)
(0.185417 -0.0375 -0.1)
(0.2 -0.045 -0.1)
(0.192708 -0.045 -0.1)
(0.185417 -0.0075 -0.1)
(0.2 -0.015 -0.1)
(0.192708 -0.015 -0.1)
(0.185417 0.0225 -0.1)
(0.2 0.015 -0.1)
(0.192708 0.015 -0.1)
(0.185417 0.0525 -0.1)
(0.2 0.045 -0.1)
(0.192708 0.045 -0.1)
(0.185417 0.0825 -0.1)
(0.2 0.075 -0.1)
(0.192708 0.075 -0.1)
(0.185417 0.1125 -0.1)
(0.2 0.105 -0.1)
(0.192708 0.105 -0.1)
(0.185417 0.1425 -0.1)
(0.2 0.135 -0.1)
(0.192708 0.135 -0.1)
(0.185417 0.1725 -0.1)
(0.2 0.165 -0.1)
(0.192708 0.165 -0.1)
)
