// (goe09k-il) GOE 9K AIRFOIL  
// Re = 1e5  
// (alpha_deg cl cd)  
(-180 0.0000 0.0768)
(-170 0.4779 0.1145)
(-160 0.4397 0.2230)
(-150 0.4779 0.3890)
(-140 0.4975 0.5918)
(-130 0.4759 0.8064)
(-120 0.4077 1.0059)
(-110 0.2974 1.1654)
(-100 0.1562 1.2644)
(-90 0.0000 1.2900)
(-80 -0.1562 1.2644)
(-70 -0.2974 1.1654)
(-60 -0.4077 1.0059)
(-50 -0.4759 0.8064)
(-40 -0.4975 0.5918)
(-30 -0.4779 0.3890)
(-20 -0.4397 0.2230)
(-10 -0.4779 0.1145)
(-8.25 -0.5235 0.1025)
(-8 -0.5974 0.1015)
(-7.75 -0.5968 0.0991)
(-7.5 -0.5893 0.0960)
(-7.25 -0.5848 0.0894)
(-7 -0.5781 0.0857)
(-6.75 -0.5680 0.0819)
(-6.5 -0.5516 0.0783)
(-6.25 -0.5478 0.0734)
(-6 -0.5276 0.0696)
(-5.75 -0.5190 0.0651)
(-5.5 -0.4973 0.0611)
(-5.25 -0.4743 0.0586)
(-5 -0.4668 0.0531)
(-4.75 -0.4470 0.0493)
(-4.5 -0.4275 0.0457)
(-4.25 -0.4055 0.0428)
(-4 -0.3888 0.0391)
(-3.25 -0.3407 0.0307)
(-3 -0.2681 0.0266)
(-2.75 -0.2355 0.0231)
(-2.5 -0.2088 0.0204)
(-2.25 -0.1808 0.0185)
(-2 -0.1546 0.0165)
(-1.75 -0.1301 0.0149)
(-1.5 -0.1063 0.0135)
(-1.25 -0.0608 0.0096)
(-1 -0.0369 0.0096)
(-0.75 -0.0129 0.0096)
(-0.5 0.0109 0.0096)
(-0.25 0.0347 0.0096)
(0 0.0585 0.0096)
(0.25 0.0822 0.0097)
(0.5 0.1059 0.0097)
(0.75 0.1294 0.0098)
(1 0.1530 0.0099)
(1.25 0.1764 0.0100)
(1.5 0.1998 0.0101)
(1.75 0.2232 0.0102)
(2 0.2464 0.0103)
(2.25 0.3528 0.0157)
(2.5 0.3770 0.0173)
(2.75 0.4039 0.0193)
(3 0.4319 0.0215)
(3.25 0.4611 0.0239)
(3.5 0.4915 0.0272)
(4.75 0.6313 0.0444)
(5.25 0.6617 0.0515)
(5.5 0.6755 0.0556)
(5.75 0.6899 0.0593)
(6 0.7030 0.0636)
(6.25 0.7135 0.0682)
(6.5 0.7251 0.0722)
(6.75 0.7335 0.0769)
(7 0.7411 0.0811)
(7.25 0.7483 0.0868)
(7.5 0.7514 0.0905)
(7.75 0.7525 0.0946)
(8 0.7493 0.0986)
(8.25 0.7479 0.1025)
(10 0.6827 0.1145)
(20 0.6282 0.2230)
(30 0.6827 0.3890)
(40 0.7107 0.5918)
(50 0.6798 0.8064)
(60 0.5825 1.0059)
(70 0.4249 1.1654)
(80 0.2231 1.2644)
(90 0.0000 1.2900)
(100 -0.1562 1.2644)
(110 -0.2974 1.1654)
(120 -0.4077 1.0059)
(130 -0.4759 0.8064)
(140 -0.4975 0.5918)
(150 -0.4779 0.3890)
(160 -0.4397 0.2230)
(170 -0.4779 0.1145)
(180 0.0000 0.0768)
