// (n11-il) N-11  
// Re = 1e5  
// (alpha_deg cl cd)  
(-10 -0.3414 0.10552)
(-9.75 -0.3705 0.10547)
(-9.5 -0.3984 0.10494)
(-9.25 -0.3476 0.09686)
(-9 -0.3503 0.09489)
(-8.75 -0.3636 0.09362)
(-8.5 -0.3825 0.09264)
(-8.25 -0.3993 0.09122)
(-8 -0.4225 0.08972)
(-7.75 -0.4373 0.08622)
(-7.5 -0.4309 0.08357)
(-7.25 -0.4283 0.0816)
(-7 -0.4281 0.07916)
(-6.75 -0.412 0.07385)
(-6.5 -0.3844 0.07064)
(-6.25 -0.3462 0.06524)
(-6 -0.311 0.06123)
(-5.75 -0.2793 0.05846)
(-5.5 -0.2499 0.05495)
(-5.25 -0.2096 0.05149)
(-5 -0.1401 0.03677)
(-4.75 -0.1013 0.03377)
(-4.5 -0.0542 0.03077)
(-4.25 -0.0205 0.02902)
(-4 0.0241 0.02759)
(-3.75 0.0583 0.02674)
(-3.5 0.1014 0.02547)
(-3.25 0.1363 0.02469)
(-3 0.1824 0.02359)
(-2.75 0.2184 0.02261)
(-2.5 0.2708 0.02087)
(-2.25 0.3124 0.01841)
(-2 0.3598 0.01799)
(-1.75 0.3897 0.01798)
(-1.5 0.4331 0.0176)
(-1.25 0.4614 0.01759)
(-1 0.4916 0.01754)
(-0.75 0.5304 0.0172)
(-0.5 0.5566 0.01725)
(-0.25 0.585 0.01725)
(0 0.6185 0.01706)
(0.25 0.6461 0.01705)
(0.5 0.6718 0.0171)
(0.75 0.6981 0.01713)
(1 0.725 0.01713)
(1.25 0.7521 0.0171)
(1.5 0.779 0.01706)
(1.75 0.8056 0.01704)
(2 0.832 0.01705)
(2.25 0.8585 0.01707)
(2.5 0.8855 0.0171)
(2.75 0.9102 0.01725)
(3 0.9343 0.01746)
(3.25 0.9596 0.01772)
(3.5 0.9843 0.01807)
(3.75 1.0076 0.01848)
(4 1.0315 0.01889)
(4.25 1.0556 0.01933)
(4.5 1.08 0.01979)
(4.75 1.1051 0.02026)
(5 1.1286 0.02076)
(5.25 1.1515 0.02129)
(5.5 1.1742 0.02179)
(5.75 1.1969 0.02227)
(6 1.2198 0.02278)
(6.25 1.2438 0.02331)
(6.5 1.2654 0.02392)
(6.75 1.2865 0.0246)
(7 1.3082 0.02527)
(7.25 1.3314 0.02596)
(7.5 1.3527 0.02658)
(7.75 1.3694 0.02716)
(8 1.3851 0.02772)
(8.25 1.4002 0.02829)
(8.5 1.4153 0.02886)
(8.75 1.4309 0.0294)
(9 1.4433 0.02994)
(9.25 1.4506 0.03048)
(9.5 1.4566 0.03104)
(9.75 1.4591 0.03163)
(10 1.4598 0.03237)
(10.25 1.4587 0.03335)
(10.5 1.4565 0.03463)
(10.75 1.4529 0.03629)
(11 1.4452 0.03854)
(11.25 1.4344 0.04147)
(11.5 1.4173 0.04534)
(11.75 1.3972 0.04987)
(12 1.3782 0.05461)
(12.25 1.3608 0.05943)
(12.5 1.3472 0.06404)
(12.75 1.3337 0.06867)
(13 1.3278 0.07257)
(13.25 1.3218 0.07652)
(13.5 1.3173 0.08005)
(13.75 1.3162 0.08348)
(14 1.3151 0.08692)
(14.25 1.3149 0.09018)
(14.5 1.3218 0.09201)
(14.75 1.3277 0.0944)
(15 1.3294 0.09764)
(15.25 1.3296 0.10122)
(15.5 1.3268 0.10536)
(15.75 1.321 0.11012)
(16 1.3118 0.11556)
(16.25 1.2989 0.12185)
(16.5 1.281 0.12944)
(16.75 1.2566 0.13886)
(17 1.2249 0.15067)
(17.25 1.1884 0.16471)
(17.5 1.1559 0.17905)