// (naca632615-il) NACA 63(2)-615
// Re = 1.00E+05
// (alpha_deg cl cd)
(-180 0.0000 0.1035)
(-170 0.4959 0.1408)
(-160 0.6886 0.2482)
(-150 0.6225 0.4121)
(-140 0.5855 0.6123)
(-130 0.5279 0.8235)
(-120 0.4356 1.0193)
(-110 0.3094 1.1745)
(-100 0.1591 1.2691)
(-90 0.0000 1.2900)
(-80 -0.1591 1.2691)
(-70 -0.3094 1.1745)
(-60 -0.4356 1.0193)
(-50 -0.5279 0.8235)
(-40 -0.5855 0.6123)
(-30 -0.6225 0.4121)
(-20 -0.6886 0.2482)
(-10 -0.5136 0.1364)
(-7.25 -0.3860 0.1086)
(-7 -0.3715 0.1047)
(-6.75 -0.4122 0.1061)
(-6.5 -0.3992 0.1023)
(-6.25 -0.3951 0.0995)
(-6 -0.4398 0.1008)
(-5.75 -0.4352 0.0980)
(-5.5 -0.4336 0.0954)
(-5.25 -0.4363 0.0932)
(-5 -0.4440 0.0914)
(-4.75 -0.4546 0.0897)
(-4.5 -0.4477 0.0869)
(-4.25 -0.4439 0.0845)
(-4 -0.3694 0.0583)
(-3.75 -0.2992 0.0475)
(-3.5 -0.2647 0.0435)
(-3.25 -0.2287 0.0406)
(-3 -0.1969 0.0384)
(-2.75 -0.1653 0.0365)
(-2.5 -0.1367 0.0351)
(-2.25 -0.1106 0.0340)
(-2 -0.0868 0.0332)
(-1.75 -0.0639 0.0325)
(-1.5 -0.0367 0.0318)
(-1.25 -0.0041 0.0296)
(-1 -0.0139 0.0299)
(-0.75 -0.0278 0.0297)
(-0.5 -0.0432 0.0284)
(-0.25 -0.0058 0.0292)
(0 0.0284 0.0301)
(0.25 0.0595 0.0310)
(0.5 0.0882 0.0320)
(0.75 0.1149 0.0330)
(1 0.1676 0.0349)
(1.25 0.2197 0.0367)
(1.5 0.2597 0.0380)
(1.75 0.2993 0.0393)
(2 0.3389 0.0406)
(2.25 0.3749 0.0418)
(2.5 0.4068 0.0429)
(2.75 0.4381 0.0440)
(3 0.4693 0.0452)
(3.25 0.4999 0.0463)
(3.5 0.5302 0.0475)
(3.75 0.5602 0.0486)
(4 0.5900 0.0498)
(4.25 0.6194 0.0509)
(4.5 0.6483 0.0520)
(4.75 0.6772 0.0531)
(5 0.7058 0.0542)
(5.25 0.7346 0.0552)
(5.5 0.7639 0.0562)
(5.75 0.7945 0.0571)
(6 0.8267 0.0578)
(6.25 0.8619 0.0582)
(6.5 0.8952 0.0586)
(6.75 0.9071 0.0600)
(7 0.9393 0.0602)
(7.25 0.9856 0.0590)
(7.5 1.0497 0.0558)
(7.75 1.0593 0.0570)
(8 1.2338 0.0422)
(8.25 1.3150 0.0368)
(8.5 1.3454 0.0353)
(8.75 1.3672 0.0347)
(9 1.3705 0.0356)
(9.25 1.3737 0.0369)
(9.5 1.3786 0.0388)
(9.75 1.3854 0.0409)
(10 1.3986 0.0433)
(10.25 1.4101 0.0459)
(10.5 1.4231 0.0488)
(10.75 1.4303 0.0514)
(11 1.4261 0.0540)
(11.25 1.4264 0.0571)
(11.5 1.4324 0.0609)
(11.75 1.4427 0.0648)
(12 1.4301 0.0684)
(12.25 1.4506 0.0731)
(12.5 1.4335 0.0772)
(12.75 1.4148 0.0816)
(13 1.3944 0.0863)
(13.25 1.3725 0.0915)
(13.5 1.3495 0.0971)
(13.75 1.3264 0.1031)
(14 1.3039 0.1095)
(14.25 1.2826 0.1165)
(14.5 1.1889 0.1351)
(14.75 1.1801 0.1426)
(15 1.0956 0.1778)
(15.25 1.0938 0.1851)
(15.5 1.0981 0.1919)
(20 0.9837 0.2482)
(30 0.8892 0.4121)
(40 0.8364 0.6123)
(50 0.7541 0.8235)
(60 0.6222 1.0193)
(70 0.4420 1.1745)
(80 0.2274 1.2691)
(90 0.0000 1.2900)
(100 -0.1591 1.2691)
(110 -0.3094 1.1745)
(120 -0.4356 1.0193)
(130 -0.5279 0.8235)
(140 -0.5855 0.6123)
(150 -0.6225 0.4121)
(160 -0.6886 0.2482)
(170 -0.4959 0.1408)
(180 0.0000 0.1035)
