// (goe06k-il) GOE 6K AIRFOIL  
// Re = 1e5  
// (alpha_deg cl cd)  
(-180 0.0000 0.0575)
(-170 0.7120 0.0955)
(-160 0.5479 0.2049)
(-150 0.5407 0.3723)
(-140 0.5358 0.5770)
(-130 0.4985 0.7940)
(-120 0.4198 0.9962)
(-110 0.3026 1.1588)
(-100 0.1575 1.2611)
(-90 0.0000 1.2900)
(-80 -0.1575 1.2611)
(-70 -0.3026 1.1588)
(-60 -0.4198 0.9962)
(-50 -0.4985 0.7940)
(-40 -0.5358 0.5770)
(-30 -0.5407 0.3723)
(-20 -0.5479 0.2049)
(-10 -0.7120 0.0955)
(-7.75 -0.4136 0.0938)
(-7.5 -0.4256 0.0924)
(-7.25 -0.4315 0.0981)
(-7 -0.4324 0.0948)
(-6.75 -0.4376 0.0928)
(-6.5 -0.4425 0.0906)
(-6.25 -0.4431 0.0880)
(-6 -0.4417 0.0849)
(-5.75 -0.4274 0.0818)
(-5.5 -0.4210 0.0766)
(-5.25 -0.4128 0.0732)
(-5 -0.3854 0.0691)
(-4.75 -0.3753 0.0655)
(-4.5 -0.3585 0.0619)
(-4.25 -0.3274 0.0582)
(-4 -0.3161 0.0550)
(-3.75 -0.2712 0.0581)
(-3.5 -0.2279 0.0418)
(-3.25 -0.1992 0.0387)
(-3 -0.1747 0.0361)
(-2.75 -0.1462 0.0338)
(-2.5 -0.1179 0.0320)
(-2.25 -0.0855 0.0196)
(-2 -0.0619 0.0186)
(-1.75 -0.0173 0.0263)
(-1.5 0.0141 0.0248)
(-1.25 0.0390 0.0240)
(-1 0.0650 0.0232)
(-0.75 0.0946 0.0223)
(-0.5 0.1317 0.0216)
(-0.25 0.1644 0.0216)
(0 0.2063 0.0204)
(0.25 0.2458 0.0209)
(0.5 0.2765 0.0214)
(0.75 0.3103 0.0218)
(1 0.3437 0.0222)
(1.25 0.3745 0.0226)
(1.5 0.4125 0.0230)
(1.75 0.4372 0.0235)
(2 0.4708 0.0239)
(2.25 0.5055 0.0242)
(2.5 0.5343 0.0246)
(2.75 0.5716 0.0249)
(3 0.5973 0.0251)
(3.25 0.6388 0.0252)
(3.5 0.6624 0.0251)
(3.75 0.7025 0.0239)
(4 0.7123 0.0242)
(4.25 0.7194 0.0267)
(4.5 0.7430 0.0276)
(4.75 0.7603 0.0287)
(5 0.7914 0.0295)
(5.25 0.8265 0.0300)
(5.5 0.8892 0.0244)
(5.75 0.9069 0.0268)
(6 0.9265 0.0290)
(6.25 0.9472 0.0307)
(6.5 0.9794 0.0339)
(6.75 1.0319 0.0443)
(9 1.1122 0.0876)
(9.25 1.0810 0.0890)
(9.5 1.0505 0.0918)
(10 1.0171 0.0955)
(20 0.7828 0.2049)
(30 0.7725 0.3723)
(40 0.7654 0.5770)
(50 0.7121 0.7940)
(60 0.5998 0.9962)
(70 0.4324 1.1588)
(80 0.2250 1.2611)
(90 0.0000 1.2900)
(100 -0.1575 1.2611)
(110 -0.3026 1.1588)
(120 -0.4198 0.9962)
(130 -0.4985 0.7940)
(140 -0.5358 0.5770)
(150 -0.5407 0.3723)
(160 -0.5479 0.2049)
(170 -0.7120 0.0955)
(180 0.0000 0.0575)
