// (goe05k-il) GOE 5K AIRFOIL  
// Re = 1e5  
// (alpha_deg cl cd)  
(-180 0.0000 0.0768)
(-170 0.4779 0.1145)
(-160 0.4397 0.2230)
(-150 0.4779 0.3890)
(-140 0.4975 0.5918)
(-130 0.4759 0.8064)
(-120 0.4077 1.0059)
(-110 0.2974 1.1654)
(-100 0.1562 1.2644)
(-90 0.0000 1.2900)
(-80 -0.1562 1.2644)
(-70 -0.2974 1.1654)
(-60 -0.4077 1.0059)
(-50 -0.4759 0.8064)
(-40 -0.4975 0.5918)
(-30 -0.4779 0.3890)
(-20 -0.4397 0.2230)
(-10 -0.4779 0.1145)
(-8.75 -0.5077 0.1057)
(-8.5 -0.5153 0.1041)
(-8.25 -0.5235 0.1025)
(-8 -0.6117 0.1056)
(-7.75 -0.6054 0.1023)
(-7.5 -0.6014 0.0972)
(-7.25 -0.5948 0.0919)
(-7 -0.5863 0.0880)
(-6.75 -0.5742 0.0838)
(-6.5 -0.5494 0.0798)
(-6.25 -0.5439 0.0742)
(-6 -0.5288 0.0704)
(-5.75 -0.5131 0.0659)
(-5.5 -0.4876 0.0611)
(-5.25 -0.4675 0.0581)
(-5 -0.4360 0.0460)
(-4.75 -0.4146 0.0418)
(-4.5 -0.3935 0.0380)
(-4.25 -0.3710 0.0348)
(-4 -0.3888 0.0391)
(-3.25 -0.3407 0.0307)
(-3 -0.2250 0.0264)
(-2.75 -0.2355 0.0231)
(-2.5 -0.1568 0.0205)
(-2.25 -0.1274 0.0187)
(-2 -0.0998 0.0171)
(-1.75 -0.0731 0.0156)
(-1.5 -0.0472 0.0142)
(-1.25 -0.0104 0.0118)
(-1 0.0162 0.0112)
(-0.75 0.0351 0.0097)
(-0.5 0.0609 0.0097)
(-0.25 0.0866 0.0098)
(0 0.1121 0.0098)
(0.25 0.1375 0.0099)
(0.5 0.1628 0.0099)
(0.75 0.1879 0.0100)
(1 0.2129 0.0101)
(1.25 0.2377 0.0102)
(1.5 0.2623 0.0104)
(1.75 0.2868 0.0105)
(2 0.3110 0.0107)
(2.25 0.3767 0.0136)
(2.5 0.4196 0.0144)
(2.75 0.4571 0.0153)
(3 0.4775 0.0167)
(3.25 0.4991 0.0198)
(3.5 0.5276 0.0222)
(3.75 0.5899 0.0185)
(4 0.6166 0.0200)
(4.25 0.6439 0.0220)
(4.5 0.6725 0.0239)
(4.75 0.6657 0.0354)
(5 0.7287 0.0296)
(5.25 0.7095 0.0419)
(5.5 0.7297 0.0462)
(5.75 0.6899 0.0593)
(6 0.7030 0.0636)
(6.25 0.7135 0.0682)
(6.5 0.8050 0.0674)
(6.75 0.8161 0.0719)
(7 0.8243 0.0761)
(7.25 0.8287 0.0819)
(7.5 0.8377 0.0857)
(7.75 0.7837 0.0871)
(8 0.7730 0.0922)
(8.25 0.7479 0.1025)
(10 0.6827 0.1145)
(20 0.6282 0.2230)
(30 0.6827 0.3890)
(40 0.7107 0.5918)
(50 0.6798 0.8064)
(60 0.5825 1.0059)
(70 0.4249 1.1654)
(80 0.2231 1.2644)
(90 0.0000 1.2900)
(100 -0.1562 1.2644)
(110 -0.2974 1.1654)
(120 -0.4077 1.0059)
(130 -0.4759 0.8064)
(140 -0.4975 0.5918)
(150 -0.4779 0.3890)
(160 -0.4397 0.2230)
(170 -0.4779 0.1145)
(180 0.0000 0.0768)
