//(goe506-il) GOE 506 AIRFOIL
// Re = 1e5  
// (alpha_deg cl cd)  
(-8 -0.4414 0.1126)
(-7.75 -0.5055 0.11083)
(-7 -0.698 0.06024)
(-6.75 -0.6939 0.0557)
(-6.5 -0.7019 0.04859)
(-6.25 -0.6906 0.0464)
(-6 -0.6788 0.0437)
(-5.75 -0.6648 0.04149)
(-5.5 -0.6495 0.03957)
(-5.25 -0.6329 0.03792)
(-5 -0.6156 0.03638)
(-4.75 -0.5983 0.03524)
(-4.5 -0.5805 0.03432)
(-4.25 -0.4473 0.03529)
(-4 -0.3887 0.03458)
(-3.75 -0.3446 0.03408)
(-3.5 -0.3 0.0333)
(-3.25 -0.2727 0.03232)
(-3 -0.2437 0.03195)
(-2.75 -0.2047 0.03246)
(-2.5 -0.1786 0.03254)
(-2.25 -0.1523 0.0326)
(-2 -0.1086 0.03245)
(-1.75 -0.0849 0.0322)
(-1.5 -0.0416 0.03184)
(-1.25 -0.0143 0.03143)
(-1 0.0142 0.03095)
(-0.75 0.0618 0.03008)
(-0.5 0.0892 0.02941)
(-0.25 0.309 0.0277)
(0 0.3561 0.02675)
(0.25 0.3806 0.02616)
(0.5 0.4345 0.02486)
(1 0.5125 0.02271)
(1.25 0.5524 0.0216)
(1.5 0.5923 0.02051)
(1.75 0.6128 0.01984)
(2 0.6472 0.01905)
(2.25 0.673 0.01862)
(2.5 0.7101 0.0183)
(2.75 0.7489 0.01835)
(3 0.7837 0.01866)
(3.25 0.8156 0.01907)
(3.5 0.8454 0.01952)
(3.75 0.8782 0.02)
(4 0.9027 0.02046)
(4.25 0.9311 0.02096)
(4.5 0.9535 0.02142)
(4.75 0.9852 0.02194)
(5 1.0022 0.02241)
(5.25 1.0281 0.0229)
(5.5 1.057 0.02344)
(5.75 1.0715 0.02394)
(6 1.0941 0.02446)
(6.25 1.1254 0.02502)
(6.5 1.1403 0.02559)
(6.75 1.1552 0.02614)
(7 1.1796 0.02665)
(7.25 1.2044 0.02725)
(7.5 1.2129 0.02786)
(7.75 1.2314 0.02841)
(8 1.2658 0.02898)
(8.25 1.2701 0.02971)
(8.5 1.2815 0.03034)
(8.75 1.3099 0.03086)
(9 1.3209 0.03164)
(9.25 1.3267 0.03236)
(9.5 1.3595 0.03282)
(9.75 1.3584 0.03372)
(10 1.3664 0.03436)
(10.25 1.3919 0.03494)
(10.5 1.3804 0.03572)
(10.75 1.4079 0.03589)
(11 1.3924 0.03679)
(11.25 1.4161 0.03678)
(11.5 1.4003 0.03789)
(11.75 1.4291 0.03776)
(12 1.4072 0.0393)
(12.25 1.4217 0.03956)
(12.5 1.4173 0.04066)
(12.75 1.4093 0.04186)
(13 1.4318 0.04177)
(13.25 1.408 0.0441)
(13.5 1.4087 0.04482)
(13.75 1.4048 0.04613)
(14 1.3908 0.04844)
(14.25 1.4006 0.04868)
(14.5 1.3801 0.05199)
(14.75 1.3704 0.05423)
(15 1.3586 0.05695)
(15.25 1.3426 0.06057)
(15.5 1.3369 0.06323)
(15.75 1.3113 0.06866)
(16 1.3029 0.07208)
(16.25 1.2738 0.07885)
(16.5 1.2675 0.08239)
(16.75 1.2373 0.08992)
(17 1.2344 0.09316)