// (goe384-il) GOE 384 AIRFOIL"  
// Re = 1.00E+05 "  
// (alpha_deg cl cd) "  
(-10.75 0.0111 0.10996)
(-10.5 0.0096 0.10675)
(-10 0.0111 0.0967)
(-9.75 0.0218 0.09426)
(-9.25 0.0094 0.08343)
(-9 0.0165 0.08065)
(-8.75 0.0197 0.07728)
(-8.5 0.019 0.07327)
(-8.25 0.0113 0.0682)
(-8 -0.0072 0.06173)
(-7.75 -0.0231 0.05544)
(-7.5 -0.0309 0.05031)
(-7.25 -0.0317 0.04629)
(-7 -0.0274 0.04276)
(-6.75 -0.0187 0.03945)
(-6.5 -0.0008 0.03762)
(-6.25 0.0192 0.03678)
(-6 0.0403 0.03557)
(-5.5 0.0815 0.03265)
(-5.25 0.1031 0.03128)
(-5 0.1271 0.03002)
(-4.75 0.154 0.02935)
(-4.5 0.1775 0.02884)
(-4.25 0.2014 0.0282)
(-4 0.2275 0.02744)
(-3.75 0.2554 0.02673)
(-3.5 0.2816 0.02634)
(-3.25 0.3047 0.02605)
(-3 0.3307 0.02563)
(-2.75 0.3586 0.02514)
(-2.5 0.3872 0.02477)
(-2.25 0.4082 0.02466)
(-2 0.4327 0.02439)
(-1.75 0.4599 0.02404)
(-1.5 0.4884 0.02379)
(-1.25 0.507 0.02371)
(-1 0.531 0.02357)
(-0.75 0.5584 0.02328)
(-0.5 0.5829 0.02312)
(-0.25 0.6022 0.0231)
(0 0.6274 0.02275)
(0.25 0.6546 0.02197)
(0.5 0.6636 0.02162)
(0.75 0.7309 0.0213)
(1 0.7614 0.02134)
(1.25 0.7699 0.02175)
(1.5 0.7903 0.02187)
(1.75 0.8089 0.02209)
(2 0.8223 0.02246)
(2.25 0.8447 0.02257)
(2.5 0.8586 0.02297)
(2.75 0.875 0.02328)
(3 0.8994 0.02334)
(3.25 0.9078 0.02394)
(3.5 0.9252 0.02422)
(3.75 0.9501 0.02433)
(4 0.9581 0.02506)
(4.25 0.9759 0.02546)
(4.5 1.001 0.0256)
(4.75 1.014 0.02628)
(5 1.0292 0.0269)
(5.25 1.0513 0.02724)
(5.5 1.0805 0.02733)
(5.75 1.0885 0.02838)
(6 1.1032 0.02915)
(6.25 1.1246 0.02961)
(6.5 1.1529 0.02976)
(6.75 1.1669 0.03063)
(7 1.1749 0.03182)
(7.25 1.1914 0.03261)
(7.5 1.2143 0.03308)
(7.75 1.243 0.03327)
(8 1.2595 0.03413)
(8.25 1.255 0.03612)
(8.5 1.2637 0.03745)
(8.75 1.2827 0.03815)
(9 1.3094 0.03844)
(9.25 1.3418 0.03846)
(9.5 1.3205 0.04175)
(9.75 1.2953 0.04569)
(10 1.3028 0.04734)
(10.25 1.327 0.04767)
(10.5 1.359 0.04745)
(10.75 1.395 0.04705)
(11 1.2174 0.06615)
(11.25 1.25 0.06532)
(11.5 1.2862 0.06416)
(11.75 1.3245 0.06287)
(12.25 1.082 0.09969)
