// (goe09k-il) GOE 9K AIRFOIL  
// Re = 1e5  
// (alpha_deg cl cd)  
(-8.25 -0.597 0.10392)
(-8 -0.5974 0.10151)
(-7.75 -0.5968 0.09906)
(-7.5 -0.5893 0.09598)
(-7.25 -0.5848 0.08938)
(-7 -0.5781 0.08567)
(-6.75 -0.568 0.08188)
(-6.5 -0.5516 0.07834)
(-6.25 -0.5478 0.0734)
(-6 -0.5276 0.06964)
(-5.75 -0.519 0.06506)
(-5.5 -0.4973 0.06105)
(-5.25 -0.4743 0.05862)
(-5 -0.4668 0.05312)
(-4.75 -0.447 0.04925)
(-4.5 -0.4275 0.04569)
(-4.25 -0.4055 0.04277)
(-4 -0.3888 0.03911)
(-3.25 -0.3407 0.03074)
(-3 -0.2681 0.02658)
(-2.75 -0.2355 0.02311)
(-2.5 -0.2088 0.02035)
(-2.25 -0.1808 0.01848)
(-2 -0.1546 0.01653)
(-1.75 -0.1301 0.01488)
(-1.5 -0.1063 0.01354)
(-1.25 -0.0608 0.00956)
(-1 -0.0369 0.00955)
(-0.75 -0.0129 0.00955)
(-0.5 0.0109 0.00956)
(-0.25 0.0347 0.00959)
(0 0.0585 0.00962)
(0.25 0.0822 0.00967)
(0.5 0.1059 0.00972)
(0.75 0.1294 0.00979)
(1 0.153 0.00987)
(1.25 0.1764 0.00996)
(1.5 0.1998 0.01007)
(1.75 0.2232 0.01019)
(2 0.2464 0.01034)
(2.25 0.3528 0.01573)
(2.5 0.377 0.01731)
(2.75 0.4039 0.01928)
(3 0.4319 0.02145)
(3.25 0.4611 0.02387)
(3.5 0.4915 0.02722)
(4.75 0.6313 0.04437)
(5.25 0.6617 0.05148)
(5.5 0.6755 0.05558)
(5.75 0.6899 0.05932)
(6 0.703 0.06355)
(6.25 0.7135 0.06818)
(6.5 0.7251 0.0722)
(6.75 0.7335 0.07685)
(7 0.7411 0.08114)
(7.25 0.7483 0.08675)
(7.5 0.7514 0.09053)
(7.75 0.7525 0.09461)
(8 0.7493 0.09858)
(8.25 0.7479 0.10254)