// (sc20402-il) NASA SC(2)-0402 AIRFOIL  
// Re = 1e5  
// (alpha_deg cl cd)  
(-180 0.0000 0.1017)
(-170 0.5257 0.1390)
(-160 0.4619 0.2465)
(-150 0.4907 0.4106)
(-140 0.5053 0.6109)
(-130 0.4805 0.8224)
(-120 0.4102 1.0183)
(-110 0.2985 1.1739)
(-100 0.1565 1.2688)
(-90 0.0000 1.2900)
(-80 -0.1565 1.2688)
(-70 -0.2985 1.1739)
(-60 -0.4102 1.0183)
(-50 -0.4805 0.8224)
(-40 -0.5053 0.6109)
(-30 -0.4907 0.4106)
(-20 -0.4619 0.2465)
(-10 -0.5257 0.1390)
(-8.25 -0.6827 0.1040)
(-8 -0.6789 0.1004)
(-7.75 -0.6738 0.0966)
(-7.5 -0.6629 0.0924)
(-7.25 -0.6438 0.0881)
(-7 -0.6241 0.0845)
(-6.75 -0.6285 0.0777)
(-6.5 -0.6130 0.0732)
(-6.25 -0.5762 0.0700)
(-6 -0.5733 0.0631)
(-5.75 -0.5410 0.0590)
(-5.5 -0.5299 0.0540)
(-5.25 -0.5058 0.0497)
(-5 -0.4562 0.0309)
(-4.75 -0.4578 0.0422)
(-4.5 -0.4350 0.0388)
(-3.5 -0.2873 0.0254)
(-3.25 -0.2515 0.0232)
(-3 -0.2205 0.0213)
(-2.75 -0.1923 0.0186)
(-2.5 -0.1640 0.0169)
(-2.25 -0.1364 0.0155)
(-1.75 -0.0793 0.0130)
(-1.5 -0.0731 0.0094)
(-1.25 -0.0457 0.0091)
(-1 -0.0179 0.0091)
(-0.75 0.0096 0.0091)
(-0.5 0.0370 0.0091)
(-0.25 0.0643 0.0091)
(0 0.0915 0.0091)
(0.25 0.1187 0.0091)
(0.5 0.1459 0.0092)
(0.75 0.1945 0.0130)
(1.25 0.2485 0.0155)
(1.5 0.2760 0.0170)
(1.75 0.3047 0.0187)
(2 0.3330 0.0216)
(2.25 0.3641 0.0233)
(2.5 0.3997 0.0252)
(3.75 0.5579 0.0409)
(4 0.5787 0.0443)
(4.25 0.5975 0.0485)
(4.5 0.6171 0.0528)
(4.75 0.6405 0.0561)
(5 0.6656 0.0606)
(5.25 0.6743 0.0666)
(5.5 0.7037 0.0701)
(5.75 0.7202 0.0746)
(6 0.7218 0.0812)
(6.25 0.7381 0.0858)
(6.5 0.7594 0.0896)
(6.75 0.7715 0.0943)
(7 0.7798 0.0989)
(7.25 0.7856 0.1033)
(7.5 0.7893 0.1075)
(7.75 0.7929 0.1161)
(8 0.7991 0.1202)
(8.25 0.8011 0.1238)
(8.5 0.8025 0.1272)
(8.75 0.8038 0.1304)
(10 0.7510 0.1390)
(20 0.6598 0.2465)
(30 0.7010 0.4106)
(40 0.7219 0.6109)
(50 0.6864 0.8224)
(60 0.5860 1.0183)
(70 0.4264 1.1739)
(80 0.2235 1.2688)
(90 0.0000 1.2900)
(100 -0.1565 1.2688)
(110 -0.2985 1.1739)
(120 -0.4102 1.0183)
(130 -0.4805 0.8224)
(140 -0.5053 0.6109)
(150 -0.4907 0.4106)
(160 -0.4619 0.2465)
(170 -0.5257 0.1390)
(180 0.0000 0.1017)
