// Rhode St. Genese 34  
// Re = 1e5  
// (alpha_deg cl cd)  
(-10.75 -0.3213 0.11368)
(-10.5 -0.3354 0.11247)
(-10.25 -0.3748 0.11232)
(-10 -0.3451 0.1066)
(-9.75 -0.307 0.10263)
(-9.5 -0.3057 0.09969)
(-9.25 -0.3234 0.0956)
(-9 -0.266 0.09141)
(-8.75 -0.2546 0.08829)
(-8.5 -0.2795 0.08369)
(-8.25 -0.2323 0.07989)
(-8 -0.2213 0.07736)
(-7.75 -0.2276 0.07294)
(-7.5 -0.1949 0.06975)
(-7.25 -0.1945 0.06684)
(-7 -0.1597 0.06318)
(-6.75 -0.1341 0.05958)
(-6.5 -0.1143 0.05696)
(-6.25 -0.0852 0.04383)
(-6 -0.0755 0.04181)
(-5.75 -0.0386 0.03673)
(-5.5 -0.0202 0.03507)
(-5.25 0.0196 0.03265)
(-5 0.0682 0.03026)
(-4.75 0.0852 0.02936)
(-4.5 0.1297 0.02799)
(-4.25 0.1576 0.02705)
(-4 0.1955 0.02573)
(-3.75 0.2281 0.02492)
(-3.5 0.2622 0.02382)
(-3.25 0.2886 0.02306)
(-3 0.3268 0.02169)
(-2.75 0.3469 0.0207)
(-2.5 0.3689 0.01929)
(-2.25 0.5227 0.01627)
(-2 0.5427 0.01589)
(-1.75 0.5649 0.01555)
(-1.5 0.5865 0.01543)
(-1.25 0.6069 0.01559)
(-1 0.6279 0.01586)
(-0.75 0.6472 0.01619)
(-0.5 0.6684 0.01651)
(-0.25 0.6904 0.01684)
(0 0.7121 0.0172)
(0.25 0.7369 0.01757)
(0.5 0.7587 0.01796)
(0.75 0.7835 0.01834)
(1 0.8077 0.01879)
(1.25 0.8307 0.01923)
(1.5 0.8557 0.01967)
(1.75 0.8832 0.02017)
(2 0.9038 0.02068)
(2.25 0.9266 0.0212)
(2.5 0.9509 0.02174)
(2.75 0.9766 0.0223)
(3 1.0043 0.02293)
(3.25 1.0247 0.02359)
(3.5 1.0439 0.02425)
(3.75 1.0647 0.02491)
(4 1.0874 0.02553)
(4.25 1.1134 0.02616)
(4.5 1.1372 0.02692)
(4.75 1.1513 0.02771)
(5 1.169 0.02851)
(5.25 1.1888 0.02931)
(5.5 1.2116 0.03006)
(5.75 1.2417 0.03077)
(6 1.2504 0.03185)
(6.25 1.2595 0.0329)
(6.5 1.2791 0.03353)
(6.75 1.3148 0.03381)
(7 1.3193 0.03501)
(7.25 1.3246 0.03607)
(7.5 1.3512 0.03635)
(7.75 1.3839 0.03685)
(8 1.3751 0.03836)
(8.25 1.3799 0.03945)
(8.5 1.4126 0.03954)
(8.75 1.4349 0.04026)
(9 1.4146 0.04219)
(9.25 1.4207 0.04305)
(9.5 1.4872 0.04185)
(9.75 1.4479 0.04415)
(10 1.422 0.04621)
(10.25 1.5229 0.0433)
(10.5 1.4682 0.04615)
(10.75 1.4171 0.04995)
(11 1.4921 0.0468)
(11.25 1.4705 0.04909)
(11.5 1.0447 0.09995)
(11.75 1.1013 0.09363)
(12 1.1565 0.0874)
(12.25 1.2219 0.08026)
(12.5 1.3186 0.06998)
(13 1.3112 0.07487)
(13.75 0.9738 0.14399)
(14 0.9994 0.14228)