// (goe10k-il) GOE 10K AIRFOIL  
// Re = 1e5  
// (alpha_deg cl cd)  
(-8.5 -0.5449 0.10512)
(-8.25 -0.5503 0.10288)
(-8 -0.5529 0.10024)
(-7.75 -0.5365 0.09376)
(-7.5 -0.537 0.09079)
(-7.25 -0.5358 0.08743)
(-7 -0.5321 0.08417)
(-6.75 -0.5266 0.07986)
(-6.5 -0.5201 0.07613)
(-6.25 -0.509 0.07248)
(-6 -0.5006 0.06801)
(-5.75 -0.4899 0.06455)
(-5.5 -0.4754 0.06043)
(-5.25 -0.455 0.0591)
(-5 -0.4497 0.05317)
(-4.75 -0.4328 0.04965)
(-4.5 -0.4165 0.04639)
(-4.25 -0.4001 0.04316)
(-4 -0.3835 0.0401)
(-3.75 -0.3666 0.03727)
(-3.5 -0.351 0.03461)
(-3.25 -0.2949 0.02814)
(-3 -0.2659 0.02493)
(-2.75 -0.241 0.02232)
(-2.5 -0.2148 0.01999)
(-2.25 -0.1885 0.01819)
(-2 -0.1633 0.0165)
(-1.75 -0.1401 0.01505)
(-1.5 -0.081 0.01073)
(-1.25 -0.0586 0.01076)
(-1 -0.0362 0.0108)
(-0.75 -0.0139 0.01086)
(-0.5 0.0085 0.01093)
(-0.25 0.0307 0.01101)
(0 0.0529 0.01111)
(0.25 0.0751 0.01122)
(0.5 0.0973 0.01135)
(0.75 0.1194 0.01149)
(1 0.1415 0.01164)
(1.25 0.1634 0.01181)
(1.5 0.1853 0.012)
(1.75 0.2071 0.0122)
(2 0.2287 0.01243)
(2.25 0.2503 0.01267)
(2.5 0.2716 0.01295)
(2.75 0.2928 0.01324)
(3 0.3138 0.01357)
(3.25 0.5075 0.01827)
(3.5 0.5335 0.0201)
(3.75 0.5607 0.0226)
(4 0.5887 0.02566)
(4.25 0.617 0.02795)
(4.5 0.6418 0.03181)
(5.25 0.7256 0.04518)
(5.5 0.7394 0.04866)
(6.25 0.7728 0.06009)
(6.5 0.7772 0.06316)
(6.75 0.792 0.07126)
(7 0.7878 0.07135)
(7.25 0.8056 0.07934)
(7.5 0.7929 0.08029)
(7.75 0.7905 0.08422)
(8 0.8049 0.08988)
(8.25 0.7928 0.09333)
(8.5 0.7809 0.0971)