//EPPLER 639 AIRFOIL
// Re = 1e5  
// (alpha_deg cl cd)  
(-8.5 -0.2563 0.09603)
(-8.25 -0.2565 0.09339)
(-8 -0.2615 0.09103)
(-7.75 -0.2747 0.08924)
(-7.5 -0.2904 0.08774)
(-7.25 -0.2669 0.08147)
(-7 -0.2269 0.07607)
(-6.75 -0.202 0.07228)
(-6.5 -0.1718 0.06552)
(-6.25 -0.15 0.06223)
(-6 -0.1462 0.06051)
(-5.75 -0.1279 0.05629)
(-5.5 -0.1142 0.05419)
(-5.25 -0.1035 0.05128)
(-5 -0.0919 0.04981)
(-4.75 -0.0755 0.04681)
(-4.5 -0.0616 0.04467)
(-4.25 -0.0469 0.04287)
(-4 -0.0335 0.04089)
(-3.75 -0.0197 0.03913)
(-3 0.0207 0.03404)
(-2.75 0.0952 0.03138)
(-2.5 0.1259 0.02864)
(-2.25 0.1512 0.02696)
(-2 0.1788 0.02576)
(-1.75 0.2058 0.02484)
(-1.5 0.2348 0.02403)
(-1.25 0.261 0.02326)
(-1 0.2885 0.02241)
(-0.75 0.3124 0.02199)
(-0.5 0.464 0.01782)
(-0.25 0.4855 0.0181)
(0 0.5086 0.01831)
(0.25 0.5289 0.01869)
(0.5 0.551 0.01897)
(0.75 0.5737 0.0193)
(1 0.5933 0.01977)
(1.25 0.6157 0.02007)
(1.5 0.6375 0.02048)
(1.75 0.6566 0.02102)
(2 0.6788 0.0214)
(2.25 0.7018 0.02181)
(2.5 0.7184 0.02253)
(2.75 0.7402 0.02295)
(3 0.7642 0.02332)
(3.25 0.7788 0.02428)
(3.5 0.7982 0.0249)
(3.75 0.8221 0.02524)
(4 0.8398 0.02607)
(4.25 0.8531 0.02717)
(4.5 0.8747 0.0277)
(4.75 0.9009 0.028)
(5 0.9063 0.02966)
(5.25 0.9215 0.03068)
(5.5 0.9463 0.03105)
(5.75 0.9656 0.03187)
(6 0.961 0.03429)
(6.25 0.9815 0.03498)
(6.5 1.0138 0.0349)
(6.75 0.9832 0.03939)
(7 0.9989 0.0404)
(7.25 1.0357 0.03992)
(7.5 0.902 0.05279)
(7.75 0.9739 0.0493)
(8 1.0381 0.04651)
(8.25 0.7648 0.0761)
(8.5 0.7618 0.07945)
(8.75 0.8188 0.0765)
(9 0.7634 0.08567)
(9.25 0.772 0.08781)
(9.5 0.8485 0.08264)
(9.75 0.7688 0.0946)
(10 0.8189 0.09214)
(10.25 0.7849 0.09908)
(10.5 0.806 0.09994)