// (goe05k-il) GOE 5K AIRFOIL  
// Re = 1e5  
// (alpha_deg cl cd)  
(-180 0.0000 0.0758)
(-170 0.5190 0.1135)
(-160 0.4587 0.2221)
(-150 0.4889 0.3881)
(-140 0.5042 0.5910)
(-130 0.4798 0.8057)
(-120 0.4099 1.0054)
(-110 0.2983 1.1650)
(-100 0.1564 1.2643)
(-90 0.0000 1.2900)
(-80 -0.1564 1.2643)
(-70 -0.2983 1.1650)
(-60 -0.4099 1.0054)
(-50 -0.4798 0.8057)
(-40 -0.5042 0.5910)
(-30 -0.4889 0.3881)
(-20 -0.4587 0.2221)
(-10 -0.5190 0.1135)
(-8.25 -0.5298 0.1017)
(-8 -0.5317 0.0995)
(-7.75 -0.5333 0.0972)
(-7.5 -0.5289 0.0946)
(-7.25 -0.5259 0.0885)
(-7 -0.5210 0.0850)
(-6.75 -0.5151 0.0815)
(-6.5 -0.5058 0.0781)
(-6.25 -0.4887 0.0755)
(-6 -0.4847 0.0700)
(-5.75 -0.4771 0.0663)
(-5.5 -0.4520 0.0643)
(-5.25 -0.4462 0.0586)
(-5 -0.4338 0.0551)
(-4.75 -0.4153 0.0514)
(-4.5 -0.3954 0.0486)
(-4.25 -0.3792 0.0453)
(-4 -0.3650 0.0415)
(-3.75 -0.3484 0.0388)
(-2.75 -0.3049 0.0286)
(-2.5 -0.2183 0.0253)
(-2.25 -0.1831 0.0221)
(-2 -0.1539 0.0206)
(-1.75 -0.1269 0.0184)
(-1.5 -0.1009 0.0169)
(-1.25 -0.0760 0.0156)
(-1 -0.0521 0.0145)
(-0.75 -0.0008 0.0107)
(-0.5 0.0219 0.0108)
(-0.25 0.0445 0.0109)
(0 0.0669 0.0110)
(0.25 0.0893 0.0111)
(0.5 0.1116 0.0112)
(0.75 0.1339 0.0113)
(1 0.1560 0.0115)
(1.25 0.1781 0.0117)
(1.5 0.1998 0.0119)
(1.75 0.2216 0.0121)
(2 0.2431 0.0123)
(2.25 0.2646 0.0126)
(2.5 0.2859 0.0129)
(2.75 0.3072 0.0132)
(3 0.4898 0.0191)
(3.25 0.5176 0.0211)
(3.5 0.5471 0.0242)
(3.75 0.5771 0.0268)
(4 0.6156 0.0293)
(4.25 0.6959 0.0344)
(4.5 0.7103 0.0374)
(5 0.7290 0.0435)
(5.25 0.6965 0.0292)
(5.5 0.7479 0.0499)
(5.75 0.7565 0.0535)
(6 0.7665 0.0571)
(6.25 0.7750 0.0614)
(6.5 0.7867 0.0663)
(6.75 0.7889 0.0694)
(7 0.7958 0.0732)
(7.25 0.8031 0.0809)
(7.5 0.7982 0.0825)
(7.75 0.7963 0.0863)
(8 0.7934 0.0905)
(8.25 0.8097 0.0980)
(8.5 0.8022 0.1013)
(8.75 0.7927 0.1047)
(10 0.7414 0.1135)
(20 0.6553 0.2221)
(30 0.6984 0.3881)
(40 0.7203 0.5910)
(50 0.6855 0.8057)
(60 0.5855 1.0054)
(70 0.4262 1.1650)
(80 0.2235 1.2643)
(90 0.0000 1.2900)
(100 -0.1564 1.2643)
(110 -0.2983 1.1650)
(120 -0.4099 1.0054)
(130 -0.4798 0.8057)
(140 -0.5042 0.5910)
(150 -0.4889 0.3881)
(160 -0.4587 0.2221)
(170 -0.5190 0.1135)
(180 0.0000 0.0758)