// (daytonwright6-il) Dayton-Wright 6
// Re = 1e5
// (alpha_deg cl cd)
(-180 0.0000 0.1035)
(-170 0.4959 0.1408)
(-160 0.6886 0.2482)
(-150 0.6225 0.4121)
(-140 0.5855 0.6123)
(-130 0.5279 0.8235)
(-120 0.4356 1.0193)
(-110 0.3094 1.1745)
(-100 0.1591 1.2691)
(-90 0.0000 1.2900)
(-80 -0.1591 1.2691)
(-70 -0.3094 1.1745)
(-60 -0.4356 1.0193)
(-50 -0.5279 0.8235)
(-40 -0.5855 0.6123)
(-30 -0.6225 0.4121)
(-20 -0.6886 0.2482)
(-10 -0.5544 0.1339)
(-7.25 -0.4473 0.1049)
(-7 -0.4368 0.1010)
(-6.75 -0.4650 0.1007)
(-6.5 -0.4716 0.0982)
(-6.25 -0.4700 0.0952)
(-6 -0.4838 0.0940)
(-5.75 -0.4352 0.0980)
(-5.5 -0.4336 0.0954)
(-5.25 -0.4363 0.0932)
(-5 -0.4740 0.0746)
(-4.75 -0.4664 0.0702)
(-4.5 -0.4493 0.0662)
(-4.25 -0.4353 0.0631)
(-4 -0.3844 0.0483)
(-3.75 -0.3353 0.0414)
(-3.5 -0.3041 0.0381)
(-3.25 -0.2722 0.0355)
(-3 -0.2438 0.0334)
(-2.75 -0.2158 0.0317)
(-2.5 -0.1882 0.0301)
(-2.25 -0.1733 0.0275)
(-2 -0.1510 0.0270)
(-1.75 -0.1279 0.0266)
(-1.5 -0.1023 0.0263)
(-1.25 -0.0739 0.0253)
(-1 -0.0668 0.0255)
(-0.75 -0.0619 0.0255)
(-0.5 -0.0579 0.0250)
(-0.25 -0.0276 0.0255)
(0 0.0010 0.0261)
(0.25 0.0279 0.0268)
(0.5 0.0533 0.0275)
(0.75 0.0777 0.0282)
(1 0.1149 0.0294)
(1.25 0.1516 0.0305)
(1.5 0.1822 0.0314)
(1.75 0.2124 0.0323)
(2 0.2425 0.0332)
(2.25 0.2706 0.0341)
(2.5 0.2965 0.0350)
(2.75 0.3220 0.0359)
(3 0.3473 0.0368)
(3.25 0.3722 0.0378)
(3.5 0.3967 0.0388)
(3.75 0.4210 0.0398)
(4 0.4450 0.0408)
(4.25 0.4686 0.0418)
(4.5 0.4918 0.0429)
(4.75 0.5148 0.0440)
(5 0.5375 0.0451)
(5.25 0.5600 0.0462)
(5.5 0.5826 0.0473)
(5.75 0.6315 0.0493)
(6 0.8570 0.0489)
(6.25 0.8941 0.0517)
(6.5 0.9202 0.0529)
(6.75 0.9369 0.0555)
(7 0.9612 0.0576)
(7.25 0.9925 0.0593)
(7.5 1.0290 0.0602)
(7.75 1.0327 0.0640)
(8 1.1052 0.0588)
(8.25 1.1304 0.0585)
(8.5 1.1283 0.0600)
(8.75 1.1214 0.0628)
(9 1.1008 0.0684)
(9.25 1.0658 0.0656)
(9.5 1.3786 0.0388)
(9.75 1.3854 0.0409)
(10 1.3986 0.0433)
(10.25 1.4101 0.0459)
(10.5 1.4231 0.0488)
(10.75 1.4303 0.0514)
(11 1.4261 0.0540)
(11.25 1.4264 0.0571)
(11.5 1.4324 0.0609)
(11.75 1.4427 0.0648)
(12 1.4301 0.0684)
(12.25 1.4506 0.0731)
(12.5 1.4335 0.0772)
(12.75 1.4148 0.0816)
(13 1.3944 0.0863)
(13.25 1.3725 0.0915)
(13.5 1.3495 0.0971)
(13.75 1.3264 0.1031)
(14 1.3039 0.1095)
(14.25 1.2826 0.1165)
(14.5 1.1889 0.1351)
(14.75 1.1801 0.1426)
(15 1.0956 0.1778)
(15.25 1.0938 0.1851)
(15.5 1.0981 0.1919)
(20 0.9837 0.2482)
(30 0.8892 0.4121)
(40 0.8364 0.6123)
(50 0.7541 0.8235)
(60 0.6222 1.0193)
(70 0.4420 1.1745)
(80 0.2274 1.2691)
(90 0.0000 1.2900)
(100 -0.1591 1.2691)
(110 -0.3094 1.1745)
(120 -0.4356 1.0193)
(130 -0.5279 0.8235)
(140 -0.5855 0.6123)
(150 -0.6225 0.4121)
(160 -0.6886 0.2482)
(170 -0.4959 0.1408)
(180 0.0000 0.1035)
