// MA409 (original) (modified line 7) (ma409-il)  
// Re = 1e5  
// (alpha_deg cl cd)  
(-9 -0.4259 0.09809)
(-8.75 -0.4407 0.09691)
(-8.5 -0.4463 0.09446)
(-8.25 -0.439 0.08914)
(-8 -0.4312 0.08577)
(-7.75 -0.428 0.08287)
(-7.5 -0.4261 0.07986)
(-7.25 -0.4188 0.07519)
(-7 -0.4167 0.07138)
(-6.75 -0.4113 0.06861)
(-6.5 -0.403 0.06556)
(-6.25 -0.3843 0.05986)
(-6 -0.3392 0.04044)
(-5.75 -0.3095 0.0347)
(-5.5 -0.2919 0.03314)
(-5.25 -0.2563 0.02796)
(-5 -0.2213 0.02431)
(-4.75 -0.1919 0.02284)
(-4.5 -0.1667 0.02239)
(-4.25 -0.144 0.02218)
(-4 -0.1147 0.02116)
(-3.75 -0.0861 0.02019)
(-3.5 -0.0591 0.01956)
(-3.25 -0.0319 0.01898)
(-3 -0.0045 0.01851)
(-2.75 0.0232 0.01799)
(-2.5 0.0509 0.01758)
(-2.25 0.0793 0.01718)
(-2 0.1116 0.01643)
(-1.75 0.1445 0.0155)
(-1.5 0.152 0.01482)
(-1.25 0.1776 0.01511)
(-1 0.2029 0.01542)
(-0.75 0.2356 0.01577)
(-0.5 0.2793 0.01615)
(-0.25 0.3264 0.01654)
(0 0.3655 0.01682)
(0.25 0.4055 0.01708)
(0.5 0.452 0.01729)
(0.75 0.4882 0.01743)
(1 0.5267 0.01751)
(1.25 0.5674 0.01747)
(1.5 0.611 0.01719)
(1.75 0.6571 0.01665)
(2 0.6994 0.01599)
(2.25 0.7307 0.01554)
(2.5 0.7667 0.01487)
(2.75 0.8013 0.01425)
(3 0.8367 0.01376)
(3.25 0.853 0.01396)
(3.5 0.8731 0.01411)
(3.75 0.8917 0.01505)
(4 0.9066 0.01588)
(4.25 0.9143 0.01819)
(4.5 0.9272 0.02072)
(4.75 0.9463 0.02208)
(5 0.9641 0.02356)
(5.25 0.9823 0.02528)
(5.5 1.0044 0.02711)
(5.75 1.03 0.02934)
(6 1.0571 0.0319)
(6.25 1.0815 0.03429)
(6.5 1.104 0.03701)
(6.75 1.1234 0.04088)
(7 1.1385 0.0452)
(7.25 1.1507 0.05015)
(7.5 1.1539 0.0553)
(8.25 1.0389 0.06532)
(8.5 1.0085 0.06999)
(8.75 0.9801 0.0745)
(9 0.953 0.07942)
(9.25 0.9273 0.08504)
(9.5 0.9019 0.09148)