// (goe492-il) GOE 492 AIRFOIL  
// Re = 1e5  
// (alpha_deg cl cd)  
(-180 0.0000 0.0575)
(-170 0.7120 0.0955)
(-160 0.5479 0.2049)
(-150 0.5407 0.3723)
(-140 0.5358 0.5770)
(-130 0.4985 0.7940)
(-120 0.4198 0.9962)
(-110 0.3026 1.1588)
(-100 0.1575 1.2611)
(-90 0.0000 1.2900)
(-80 -0.1575 1.2611)
(-70 -0.3026 1.1588)
(-60 -0.4198 0.9962)
(-50 -0.4985 0.7940)
(-40 -0.5358 0.5770)
(-30 -0.5407 0.3723)
(-20 -0.5479 0.2049)
(-10 -0.7120 0.0955)
(-7.75 -0.4136 0.0938)
(-7.5 -0.4256 0.0924)
(-7.25 -0.4307 0.0901)
(-7 -0.4223 0.0850)
(-6.75 -0.4197 0.0824)
(-6.5 -0.4204 0.0797)
(-6.25 -0.4179 0.0768)
(-6 -0.4172 0.0726)
(-5.75 -0.4135 0.0701)
(-5.5 -0.3957 0.0658)
(-5.25 -0.3947 0.0628)
(-5 -0.3758 0.0589)
(-4.75 -0.3712 0.0568)
(-4.5 -0.3524 0.0533)
(-4.25 -0.3398 0.0507)
(-4 -0.3243 0.0481)
(-3.5 -0.2184 0.0289)
(-3.25 -0.1893 0.0262)
(-3 -0.1622 0.0236)
(-2.75 -0.1354 0.0218)
(-2.5 -0.1099 0.0205)
(-2.25 -0.0855 0.0196)
(-2 -0.0619 0.0186)
(-1.75 -0.0388 0.0179)
(-1.5 -0.0159 0.0174)
(-1.25 0.0069 0.0169)
(-1 0.0303 0.0163)
(-0.75 0.0542 0.0158)
(-0.5 0.0990 0.0151)
(-0.25 0.1443 0.0157)
(0 0.1862 0.0161)
(0.25 0.2285 0.0166)
(0.5 0.2739 0.0170)
(0.75 0.3115 0.0172)
(1 0.3496 0.0175)
(1.25 0.3913 0.0178)
(1.5 0.4318 0.0180)
(1.75 0.4664 0.0182)
(2 0.5037 0.0184)
(2.25 0.5493 0.0184)
(2.5 0.5831 0.0185)
(2.75 0.6210 0.0185)
(3 0.6614 0.0182)
(3.25 0.7045 0.0178)
(3.5 0.7413 0.0169)
(3.75 0.7801 0.0139)
(4 0.7899 0.0138)
(4.25 0.7791 0.0180)
(4.5 0.7965 0.0194)
(4.75 0.8123 0.0208)
(5 0.8307 0.0223)
(5.25 0.8534 0.0241)
(5.5 0.8819 0.0263)
(5.75 0.9120 0.0295)
(6 0.9415 0.0325)
(6.25 0.9700 0.0344)
(6.5 0.9968 0.0384)
(6.75 1.0319 0.0443)
(9 1.1122 0.0876)
(9.25 1.0810 0.0890)
(9.5 1.0505 0.0918)
(10 1.0171 0.0955)
(20 0.7828 0.2049)
(30 0.7725 0.3723)
(40 0.7654 0.5770)
(50 0.7121 0.7940)
(60 0.5998 0.9962)
(70 0.4324 1.1588)
(80 0.2250 1.2611)
(90 0.0000 1.2900)
(100 -0.1575 1.2611)
(110 -0.3026 1.1588)
(120 -0.4198 0.9962)
(130 -0.4985 0.7940)
(140 -0.5358 0.5770)
(150 -0.5407 0.3723)
(160 -0.5479 0.2049)
(170 -0.7120 0.0955)
(180 0.0000 0.0575)
