// GOE 613 AIRFOIL (goe613-il)  
// Re = 1e5  
// (alpha_deg cl cd)  
(-7.75 -0.367 0.09621)
(-7.5 -0.3917 0.0955)
(-7.25 -0.4115 0.09407)
(-7 -0.43 0.09255)
(-6.75 -0.435 0.08845)
(-6.5 -0.4269 0.08502)
(-6.25 -0.4271 0.08271)
(-6 -0.4293 0.08027)
(-5.75 -0.4308 0.07749)
(-5.5 -0.4302 0.07366)
(-5.25 -0.4266 0.07069)
(-5 -0.4212 0.0685)
(-4.75 -0.4101 0.06478)
(-4.5 -0.3933 0.06194)
(-4.25 -0.3582 0.05781)
(-4 -0.3233 0.05441)
(-3.75 -0.295 0.0516)
(-3.5 -0.2606 0.04912)
(-3.25 -0.2346 0.04655)
(-3 -0.2049 0.04436)
(-2 -0.047 0.03435)
(-1.75 0.0216 0.03019)
(-1.5 0.0594 0.02887)
(-1.25 0.1133 0.02731)
(-1 0.1486 0.02628)
(-0.75 0.1869 0.02524)
(-0.5 0.2362 0.02406)
(-0.25 0.27 0.02337)
(0 0.323 0.02195)
(0.25 0.3563 0.0212)
(0.5 0.4635 0.01774)
(0.75 0.4989 0.01737)
(1 0.535 0.01695)
(1.25 0.5707 0.01652)
(1.5 0.6053 0.01612)
(1.75 0.639 0.01576)
(2 0.6725 0.01545)
(2.25 0.7006 0.01532)
(2.5 0.7281 0.01526)
(2.75 0.7538 0.01528)
(3 0.7791 0.01534)
(3.25 0.8009 0.0155)
(3.5 0.8239 0.0157)
(3.75 0.848 0.01594)
(4 0.8698 0.01632)
(4.25 0.8945 0.01678)
(4.5 0.9164 0.0173)
(4.75 0.9395 0.01786)
(5 0.9625 0.01841)
(5.25 0.9855 0.01897)
(5.5 1.0086 0.01955)
(5.75 1.0323 0.02012)
(6 1.0566 0.02067)
(6.25 1.0773 0.02123)
(6.5 1.0992 0.0218)
(6.75 1.1231 0.02236)
(7 1.1443 0.02291)
(7.25 1.164 0.02343)
(7.5 1.183 0.02381)
(7.75 1.2014 0.02416)
(8 1.2198 0.02452)
(8.25 1.2391 0.02491)
(8.5 1.254 0.02531)
(8.75 1.2694 0.02576)
(9 1.2832 0.02611)
(9.25 1.2972 0.02645)
(9.5 1.3078 0.02673)
(9.75 1.3124 0.02698)
(10 1.3176 0.02734)
(10.25 1.319 0.02774)
(10.5 1.3192 0.0283)
(10.75 1.3179 0.02912)
(11 1.3136 0.03059)
(11.25 1.2995 0.03322)
(11.5 1.2879 0.03601)
(11.75 1.2785 0.03879)
(12 1.2703 0.04161)
(12.25 1.2595 0.04484)
(12.5 1.252 0.04799)
(12.75 1.2432 0.05149)
(13 1.2324 0.05543)
(13.25 1.2222 0.05956)
(13.5 1.2108 0.06409)
(13.75 1.2018 0.06849)
(14 1.194 0.07278)
(14.25 1.1885 0.07663)
(14.5 1.1926 0.07869)
(14.75 1.1991 0.0809)
(15 1.2054 0.08322)
(15.25 1.213 0.0854)
(15.5 1.224 0.08719)
(15.75 1.2339 0.08939)
(16 1.2399 0.09234)
(16.25 1.2411 0.09608)
(16.5 1.2365 0.10073)
(16.75 1.2261 0.10641)
(17 1.2115 0.1129)
(17.25 1.1935 0.12021)
(17.5 1.1722 0.1285)
(17.75 1.1484 0.1378)
(18 1.1201 0.14874)
(18.25 1.0892 0.16124)
(18.5 1.0625 0.17359)
