// (hor04-il) ONERA HOR04 AIRFOIL  
// Re = 1e5  
// (alpha_deg cl cd)  
(-180 0.0000 0.0613)
(-170 0.4978 0.0993)
(-160 0.4489 0.2085)
(-150 0.4832 0.3756)
(-140 0.5008 0.5800)
(-130 0.4778 0.7964)
(-120 0.4088 0.9982)
(-110 0.2979 1.1601)
(-100 0.1563 1.2618)
(-90 0.0000 1.2900)
(-80 -0.1563 1.2618)
(-70 -0.2979 1.1601)
(-60 -0.4088 0.9982)
(-50 -0.4778 0.7964)
(-40 -0.5008 0.5800)
(-30 -0.4832 0.3756)
(-20 -0.4489 0.2085)
(-10 -0.4978 0.0993)
(-8.75 -0.5305 0.0905)
(-8.5 -0.5388 0.0888)
(-8.25 -0.5478 0.0873)
(-8 -0.5576 0.0857)
(-7.75 -0.6139 0.1056)
(-7.5 -0.6134 0.0984)
(-7.25 -0.6047 0.0944)
(-7 -0.5944 0.0902)
(-6.75 -0.5803 0.0858)
(-6.5 -0.5471 0.0812)
(-6.25 -0.5399 0.0750)
(-6 -0.5299 0.0712)
(-5.75 -0.5071 0.0668)
(-5.5 -0.4778 0.0612)
(-5.25 -0.4607 0.0575)
(-5 -0.4052 0.0389)
(-4.75 -0.3822 0.0343)
(-4.5 -0.3594 0.0304)
(-4.25 -0.3365 0.0268)
(-3 -0.1818 0.0261)
(-2.5 -0.1047 0.0206)
(-2.25 -0.0739 0.0190)
(-2 -0.0449 0.0177)
(-1.75 -0.0160 0.0163)
(-1.5 0.0119 0.0149)
(-1.25 0.0400 0.0140)
(-1 0.0693 0.0129)
(-0.75 0.0830 0.0099)
(-0.5 0.1108 0.0099)
(-0.25 0.1384 0.0099)
(0 0.1657 0.0100)
(0.25 0.1928 0.0101)
(0.5 0.2197 0.0101)
(0.75 0.2464 0.0102)
(1 0.2728 0.0103)
(1.25 0.2989 0.0105)
(1.5 0.3247 0.0107)
(1.75 0.3503 0.0109)
(2 0.3756 0.0111)
(2.25 0.4006 0.0115)
(2.5 0.4622 0.0114)
(2.75 0.5103 0.0113)
(3 0.5230 0.0120)
(3.25 0.5370 0.0158)
(3.5 0.5636 0.0171)
(3.75 0.5899 0.0185)
(4 0.6166 0.0200)
(4.25 0.6439 0.0220)
(4.5 0.6725 0.0239)
(4.75 0.7000 0.0265)
(5 0.7287 0.0296)
(5.25 0.7572 0.0322)
(5.5 0.7838 0.0369)
(6.5 0.8849 0.0625)
(6.75 0.8987 0.0670)
(7 0.9074 0.0710)
(7.25 0.9090 0.0771)
(7.5 0.9239 0.0808)
(7.75 0.8149 0.0796)
(8 0.7966 0.0857)
(10 0.7111 0.0993)
(20 0.6413 0.2085)
(30 0.6903 0.3756)
(40 0.7154 0.5800)
(50 0.6826 0.7964)
(60 0.5839 0.9982)
(70 0.4255 1.1601)
(80 0.2233 1.2618)
(90 0.0000 1.2900)
(100 -0.1563 1.2618)
(110 -0.2979 1.1601)
(120 -0.4088 0.9982)
(130 -0.4778 0.7964)
(140 -0.5008 0.5800)
(150 -0.4832 0.3756)
(160 -0.4489 0.2085)
(170 -0.4978 0.0993)
(180 0.0000 0.0613)
