// AG11 (ag11-il)  
// Re = 1e5  
// (alpha_deg cl cd)  
(-180 0.0000 0.0575)
(-170 0.7120 0.0955)
(-160 0.5479 0.2049)
(-150 0.5407 0.3723)
(-140 0.5358 0.5770)
(-130 0.4985 0.7940)
(-120 0.4198 0.9962)
(-110 0.3026 1.1588)
(-100 0.1575 1.2611)
(-90 0.0000 1.2900)
(-80 -0.1575 1.2611)
(-70 -0.3026 1.1588)
(-60 -0.4198 0.9962)
(-50 -0.4985 0.7940)
(-40 -0.5358 0.5770)
(-30 -0.5407 0.3723)
(-20 -0.5479 0.2049)
(-10 -0.7120 0.0955)
(-8.75 -0.6337 0.1178)
(-8.5 -0.6324 0.1152)
(-8.25 -0.6323 0.1128)
(-8 -0.6260 0.1096)
(-7.75 -0.5138 0.0997)
(-7.5 -0.5195 0.0954)
(-7.25 -0.5177 0.0923)
(-7 -0.5084 0.0876)
(-6.75 -0.5000 0.0841)
(-6.5 -0.4838 0.0805)
(-6.25 -0.4789 0.0759)
(-6 -0.4736 0.0719)
(-5.75 -0.4603 0.0685)
(-5.5 -0.4368 0.0635)
(-5.25 -0.4277 0.0602)
(-5 -0.3905 0.0489)
(-4.75 -0.3767 0.0456)
(-4.5 -0.3559 0.0418)
(-4.25 -0.3382 0.0387)
(-4 -0.3243 0.0481)
(-3.5 -0.2184 0.0289)
(-3.25 -0.1893 0.0262)
(-3 -0.1720 0.0249)
(-2.75 -0.1354 0.0218)
(-2.5 -0.1073 0.0206)
(-2.25 -0.0797 0.0193)
(-2 -0.0534 0.0181)
(-1.75 -0.0274 0.0171)
(-1.5 -0.0020 0.0161)
(-1.25 0.0235 0.0154)
(-1 0.0498 0.0146)
(-0.75 0.0686 0.0128)
(-0.5 0.1049 0.0125)
(-0.25 0.1414 0.0128)
(0 0.1760 0.0131)
(0.25 0.2107 0.0133)
(0.5 0.2468 0.0135)
(0.75 0.2790 0.0137)
(1 0.3112 0.0139)
(1.25 0.3451 0.0141)
(1.5 0.3783 0.0143)
(1.75 0.4084 0.0145)
(2 0.4397 0.0147)
(2.25 0.4750 0.0149)
(2.5 0.5227 0.0149)
(2.75 0.5657 0.0149)
(3 0.5922 0.0151)
(3.25 0.6208 0.0168)
(3.5 0.6525 0.0170)
(3.75 0.6850 0.0162)
(4 0.7033 0.0169)
(4.25 0.7115 0.0200)
(4.5 0.7345 0.0216)
(4.75 0.7562 0.0236)
(5 0.7797 0.0259)
(5.25 0.8053 0.0281)
(5.5 0.8329 0.0316)
(5.75 0.9120 0.0295)
(6 0.9415 0.0325)
(6.25 0.9700 0.0344)
(6.5 0.9409 0.0504)
(6.75 0.9653 0.0556)
(7 0.9074 0.0710)
(7.25 0.9090 0.0771)
(7.5 0.9239 0.0808)
(7.75 0.8149 0.0796)
(9 1.1122 0.0876)
(9.25 1.0810 0.0890)
(9.5 1.0505 0.0918)
(10 1.0171 0.0955)
(20 0.7828 0.2049)
(30 0.7725 0.3723)
(40 0.7654 0.5770)
(50 0.7121 0.7940)
(60 0.5998 0.9962)
(70 0.4324 1.1588)
(80 0.2250 1.2611)
(90 0.0000 1.2900)
(100 -0.1575 1.2611)
(110 -0.3026 1.1588)
(120 -0.4198 0.9962)
(130 -0.4985 0.7940)
(140 -0.5358 0.5770)
(150 -0.5407 0.3723)
(160 -0.5479 0.2049)
(170 -0.7120 0.0955)
(180 0.0000 0.0575)
