// (s4022-il) S4022 
// Re = 1.00E+05
// (alpha_deg cl cd)
(-180 0.0000 0.1035)
(-170 0.4959 0.1408)
(-160 0.6886 0.2482)
(-150 0.6225 0.4121)
(-140 0.5855 0.6123)
(-130 0.5279 0.8235)
(-120 0.4356 1.0193)
(-110 0.3094 1.1745)
(-100 0.1591 1.2691)
(-90 0.0000 1.2900)
(-80 -0.1591 1.2691)
(-70 -0.3094 1.1745)
(-60 -0.4356 1.0193)
(-50 -0.5279 0.8235)
(-40 -0.5855 0.6123)
(-30 -0.6225 0.4121)
(-20 -0.6886 0.2482)
(-10 -0.5953 0.1314)
(-7.25 -0.5086 0.1011)
(-7 -0.5021 0.0974)
(-6.75 -0.5178 0.0954)
(-6.5 -0.5440 0.0941)
(-6.25 -0.5448 0.0909)
(-6 -0.5277 0.0871)
(-5 -0.5040 0.0577)
(-4.75 -0.4782 0.0508)
(-4.5 -0.4508 0.0455)
(-4.25 -0.4266 0.0417)
(-4 -0.3993 0.0383)
(-3.75 -0.3714 0.0353)
(-3.5 -0.3434 0.0326)
(-3.25 -0.3157 0.0304)
(-3 -0.2907 0.0284)
(-2.75 -0.2662 0.0268)
(-2.5 -0.2396 0.0251)
(-2.25 -0.2359 0.0210)
(-2 -0.2151 0.0208)
(-1.75 -0.1919 0.0207)
(-1.5 -0.1678 0.0208)
(-1.25 -0.1436 0.0209)
(-1 -0.1197 0.0211)
(-0.75 -0.0959 0.0213)
(-0.5 -0.0725 0.0216)
(-0.25 -0.0494 0.0219)
(0 -0.0264 0.0222)
(0.25 -0.0038 0.0226)
(0.5 0.0184 0.0229)
(0.75 0.0404 0.0234)
(1 0.0621 0.0238)
(1.25 0.0835 0.0243)
(1.5 0.1046 0.0248)
(1.75 0.1254 0.0253)
(2 0.1460 0.0259)
(2.25 0.1662 0.0265)
(2.5 0.1862 0.0271)
(2.75 0.2059 0.0278)
(3 0.2253 0.0285)
(3.25 0.2445 0.0293)
(3.5 0.2632 0.0301)
(3.75 0.2817 0.0309)
(4 0.2999 0.0318)
(4.25 0.3178 0.0328)
(4.5 0.3353 0.0338)
(4.75 0.3524 0.0348)
(5 0.3691 0.0360)
(5.25 0.3854 0.0372)
(5.5 0.4012 0.0385)
(5.75 0.4684 0.0416)
(6 0.8872 0.0400)
(6.25 0.9263 0.0452)
(6.5 0.9452 0.0472)
(6.75 0.9666 0.0509)
(7 0.9830 0.0550)
(7.25 0.9993 0.0596)
(7.5 1.0082 0.0646)
(7.75 1.0060 0.0710)
(8 0.9766 0.0754)
(8.25 0.9457 0.0803)
(8.5 0.9112 0.0847)
(8.75 0.8755 0.0909)
(9 0.8311 0.1012)
(9.25 0.7578 0.0943)
(8.75 1.3672 0.0347)
(9 1.3705 0.0356)
(9.25 1.3737 0.0369)
(9.5 1.3786 0.0388)
(9.75 1.3854 0.0409)
(10 1.3986 0.0433)
(10.25 1.4101 0.0459)
(10.5 1.4231 0.0488)
(10.75 1.4303 0.0514)
(11 1.4261 0.0540)
(11.25 1.4264 0.0571)
(11.5 1.4324 0.0609)
(11.75 1.4427 0.0648)
(12 1.4301 0.0684)
(12.25 1.4506 0.0731)
(12.5 1.4335 0.0772)
(12.75 1.4148 0.0816)
(13 1.3944 0.0863)
(13.25 1.3725 0.0915)
(13.5 1.3495 0.0971)
(13.75 1.3264 0.1031)
(14 1.3039 0.1095)
(14.25 1.2826 0.1165)
(14.5 1.1889 0.1351)
(14.75 1.1801 0.1426)
(15 1.0956 0.1778)
(15.25 1.0938 0.1851)
(15.5 1.0981 0.1919)
(20 0.9837 0.2482)
(30 0.8892 0.4121)
(40 0.8364 0.6123)
(50 0.7541 0.8235)
(60 0.6222 1.0193)
(70 0.4420 1.1745)
(80 0.2274 1.2691)
(90 0.0000 1.2900)
(100 -0.1591 1.2691)
(110 -0.3094 1.1745)
(120 -0.4356 1.0193)
(130 -0.5279 0.8235)
(140 -0.5855 0.6123)
(150 -0.6225 0.4121)
(160 -0.6886 0.2482)
(170 -0.4959 0.1408)
(180 0.0000 0.1035)
