// (m14-il) NACA M14 AIRFOIL  
// Re = 1e5  
// (alpha_deg cl cd)  
(-7.75 -0.3969 0.09495)
(-7.5 -0.3954 0.09207)
(-7.25 -0.3927 0.08986)
(-6.75 -0.3784 0.08148)
(-6.5 -0.3691 0.07804)
(-6.25 -0.3604 0.07506)
(-6 -0.3489 0.07532)
(-5.75 -0.3479 0.0692)
(-5.5 -0.3464 0.06662)
(-5.25 -0.3476 0.06473)
(-5 -0.3416 0.06565)
(-4.75 -0.3444 0.06129)
(-4.5 -0.3326 0.05797)
(-4.25 -0.2865 0.05396)
(-4 -0.2447 0.05033)
(-3.75 -0.2062 0.047)
(-3.5 -0.1674 0.0437)
(-3.25 -0.1282 0.04061)
(-3 -0.0899 0.03798)
(-2.75 -0.0509 0.03534)
(-2.25 0.03 0.01333)
(-2 0.1009 0.02616)
(-1.75 0.1392 0.02394)
(-1.5 0.1743 0.02259)
(-1.25 0.205 0.02157)
(-1 0.2356 0.02059)
(-0.75 0.2653 0.01975)
(-0.5 0.2928 0.01906)
(-0.25 0.3183 0.01855)
(0 0.3436 0.01815)
(0.25 0.3688 0.01773)
(0.5 0.3951 0.01723)
(0.75 0.4447 0.0149)
(1 0.4688 0.0151)
(1.25 0.4933 0.01529)
(1.5 0.518 0.01543)
(1.75 0.5424 0.01569)
(2 0.567 0.01594)
(2.25 0.5919 0.01617)
(2.5 0.6172 0.01635)
(2.75 0.6419 0.01665)
(3 0.6669 0.01695)
(3.25 0.6923 0.01719)
(3.5 0.7177 0.01743)
(3.75 0.7426 0.01777)
(4 0.7678 0.01809)
(4.25 0.7939 0.01831)
(4.5 0.8189 0.01865)
(4.75 0.8437 0.01904)
(5 0.8691 0.01939)
(5.25 0.8957 0.0196)
(5.5 0.9201 0.02003)
(5.75 0.9448 0.02039)
(6 0.9697 0.02061)
(6.25 0.9947 0.02068)
(6.5 1.0199 0.02006)
(6.75 1.0407 0.01931)
(7 1.0619 0.01898)
(7.25 1.0815 0.01886)
(7.5 1.0923 0.01936)
(7.75 1.0793 0.02346)
(8 1.0855 0.02566)
(8.25 1.0949 0.02734)
(8.5 1.1005 0.02925)
(8.75 1.1121 0.03075)
(9 1.125 0.03253)
(9.25 1.1511 0.03531)
(9.5 1.1766 0.03725)
(9.75 1.1992 0.03931)
(10 1.2222 0.0418)
(10.25 1.2432 0.04483)
(10.5 1.2584 0.04816)
(10.75 1.2675 0.05181)
(11 1.2721 0.05577)
(11.25 1.2723 0.05979)
(11.5 1.2679 0.0638)
(11.75 1.259 0.06771)
(12 1.247 0.07177)
(12.25 1.2375 0.0768)
(12.5 1.2356 0.08016)
(12.75 1.1713 0.08428)
(13 1.1289 0.09215)
(13.25 1.0971 0.10008)
(13.5 1.0665 0.1089)
(13.75 0.9319 0.10082)
(14 0.8793 0.10969)
