//(n24-il) N-24  
// Re = 1e5  
// (alpha_deg cl cd)  
(-11 -0.0979 0.09928)
(-10.75 -0.0871 0.09638)
(-10.5 -0.1401 0.09383)
(-10.25 -0.0873 0.08933)
(-10 -0.0717 0.08701)
(-9.75 -0.0648 0.08469)
(-9.5 -0.2074 0.05918)
(-9.25 -0.1943 0.05636)
(-9 -0.1889 0.05221)
(-8.75 -0.1867 0.04739)
(-8.5 -0.1788 0.04355)
(-8.25 -0.1598 0.03976)
(-8 -0.1499 0.03765)
(-7.75 -0.1207 0.03619)
(-7.5 -0.102 0.03532)
(-7.25 -0.0777 0.03383)
(-7 -0.0479 0.03288)
(-6.75 -0.0298 0.0327)
(-6.5 -0.0014 0.03179)
(-6.25 0.0287 0.03108)
(-6 0.0462 0.03136)
(-5.75 0.0759 0.03074)
(-5.5 0.1065 0.03033)
(-5.25 0.1235 0.0306)
(-5 0.1549 0.02987)
(-4.75 0.18 0.02939)
(-4.5 0.2075 0.02877)
(-4.25 0.2403 0.02764)
(-4 0.2622 0.02765)
(-3.75 0.2913 0.02695)
(-3.5 0.3224 0.02601)
(-3.25 0.3423 0.02627)
(-3 0.3713 0.02557)
(-2.75 0.4023 0.02459)
(-2.5 0.421 0.02469)
(-2.25 0.5077 0.02286)
(-2 0.5358 0.02269)
(-1.75 0.5568 0.02321)
(-1.5 0.5867 0.02286)
(-1.25 0.6083 0.02337)
(-1 0.636 0.02324)
(-0.75 0.6658 0.023)
(-0.5 0.6871 0.02347)
(-0.25 0.7188 0.02307)
(0 0.7391 0.02368)
(0.25 0.77 0.02339)
(0.5 0.7922 0.02383)
(0.75 0.8223 0.02362)
(1 0.8452 0.02402)
(1.25 0.8745 0.02393)
(1.5 0.8976 0.02439)
(1.75 0.9262 0.0244)
(2 0.9492 0.02486)
(2.25 0.9772 0.02494)
(2.5 1.0001 0.02545)
(2.75 1.0262 0.02572)
(3 1.052 0.02614)
(3.25 1.0732 0.02671)
(3.5 1.1069 0.02668)
(3.75 1.1194 0.02776)
(4 1.1482 0.02796)
(4.25 1.1694 0.02872)
(4.5 1.1877 0.02949)
(4.75 1.2197 0.02956)
(5 1.2329 0.0307)
(5.25 1.2517 0.03148)
(5.5 1.2844 0.03156)
(5.75 1.2957 0.03281)
(6 1.3094 0.03381)
(6.25 1.3416 0.03388)
(6.5 1.3556 0.03489)
(6.75 1.3643 0.03589)
(7 1.4083 0.03516)
(7.25 1.4042 0.03687)
(7.5 1.418 0.03761)
(7.75 1.465 0.03704)
(8 1.4518 0.03923)
(8.25 1.4481 0.04081)
(8.5 1.4966 0.04019)
(8.75 1.4968 0.04178)
(9 1.4556 0.04531)
(9.25 1.4837 0.04544)
(9.5 1.544 0.04441)
(9.75 1.211 0.07645)
(10 1.3946 0.05821)
(10.25 1.5785 0.04761)
(10.75 1.2754 0.07985)
(11 1.3751 0.07032)
(11.25 0.962 0.13793)
(11.5 1.0002 0.13521)