//AQUILA 9.3% smoothed  
// Re = 1e5  
// (alpha_deg cl cd)  
(-8 -0.3067 0.0939)
(-7.75 -0.3088 0.09161)
(-7.5 -0.3169 0.08988)
(-7.25 -0.3271 0.08834)
(-7 -0.336 0.08692)
(-6.75 -0.3487 0.08596)
(-6.5 -0.36 0.08497)
(-6.25 -0.3675 0.0815)
(-6 -0.3709 0.0778)
(-5.75 -0.3763 0.0757)
(-5.5 -0.3611 0.07245)
(-5.25 -0.3018 0.06884)
(-5 -0.2866 0.06246)
(-4.75 -0.2413 0.05877)
(-4.5 -0.2155 0.05425)
(-4.25 -0.179 0.05044)
(-4 -0.1401 0.04683)
(-3.75 -0.1096 0.04385)
(-3.5 -0.0679 0.04071)
(-3.25 -0.0406 0.03836)
(-2.75 0.0127 0.03418)
(-2.5 0.0311 0.03223)
(-2.25 0.1006 0.02875)
(-2 0.1669 0.02517)
(-1.75 0.2014 0.02387)
(-1.5 0.2358 0.02269)
(-1.25 0.2635 0.02146)
(-1 0.2915 0.02027)
(-0.75 0.321 0.01947)
(-0.5 0.3451 0.01862)
(-0.25 0.4142 0.01486)
(0 0.4388 0.01496)
(0.25 0.4641 0.01501)
(0.5 0.4869 0.01517)
(0.75 0.5099 0.01535)
(1 0.5334 0.01552)
(1.25 0.5576 0.01567)
(1.5 0.5826 0.01578)
(1.75 0.6073 0.01592)
(2 0.631 0.01613)
(2.25 0.655 0.01633)
(2.5 0.6794 0.01653)
(2.75 0.7043 0.01671)
(3 0.73 0.01685)
(3.25 0.7546 0.01705)
(3.5 0.7786 0.01729)
(3.75 0.8029 0.01754)
(4 0.8273 0.01779)
(4.25 0.8519 0.01803)
(4.5 0.8768 0.01828)
(4.75 0.902 0.01851)
(5 0.9273 0.01875)
(5.25 0.951 0.01907)
(5.5 0.9748 0.01941)
(5.75 0.9985 0.01976)
(6 1.0222 0.02012)
(6.25 1.0459 0.02051)
(6.5 1.0696 0.02091)
(6.75 1.0935 0.02132)
(7 1.1175 0.02172)
(7.25 1.142 0.02214)
(7.5 1.1642 0.02262)
(7.75 1.186 0.02314)
(8 1.2076 0.02366)
(8.25 1.229 0.02418)
(8.5 1.25 0.02464)
(8.75 1.2701 0.02503)
(9 1.2895 0.02542)
(9.25 1.3081 0.02586)
(9.5 1.3257 0.02633)
(9.75 1.3413 0.02689)
(10 1.3531 0.02749)
(10.25 1.3632 0.02813)
(10.5 1.3702 0.02879)
(10.75 1.3716 0.0297)
(11 1.3668 0.03077)
(11.25 1.358 0.03225)
(11.5 1.3478 0.03422)
(11.75 1.3372 0.03666)
(12 1.3275 0.03943)
(12.25 1.3178 0.04251)
(12.5 1.3085 0.04583)
(12.75 1.3 0.04927)
(13 1.2919 0.05282)
(13.25 1.2878 0.05624)
(13.5 1.2883 0.05932)
(13.75 1.2874 0.06261)
(14 1.2943 0.06538)
(14.25 1.2921 0.06897)
(14.5 1.2918 0.07256)
(14.75 1.2924 0.07613)
(15 1.2957 0.07967)
(15.25 1.2993 0.08398)
(15.5 1.2898 0.0895)
(15.75 1.2725 0.0954)
(16 1.257 0.10139)
(16.25 1.2379 0.10813)
(16.5 1.2184 0.11499)
(16.75 1.193 0.1235)
(17 1.1027 0.14954)