// (goe491-il) GOE 491 AIRFOIL  
// Re = 1e5  
// (alpha_deg cl cd)  
(-9 -0.4995 0.11349)
(-8.75 -0.5028 0.1119)
(-8.5 -0.5068 0.11001)
(-8.25 -0.5058 0.1077)
(-8 -0.5014 0.10493)
(-7.75 -0.4845 0.09508)
(-7.5 -0.4789 0.09161)
(-7.25 -0.4738 0.08829)
(-7 -0.4682 0.08505)
(-6.75 -0.4617 0.08175)
(-6.5 -0.4527 0.07867)
(-6.25 -0.4353 0.07757)
(-6 -0.428 0.07201)
(-5.75 -0.4226 0.06766)
(-5.5 -0.4102 0.06447)
(-5.25 -0.3822 0.06389)
(-5 -0.3765 0.05764)
(-4.75 -0.3647 0.05426)
(-4.5 -0.3371 0.05337)
(-4.25 -0.3284 0.04804)
(-4 -0.3071 0.04641)
(-3.75 -0.2943 0.04232)
(-3.5 -0.2765 0.0399)
(-3.25 -0.2612 0.03743)
(-3 -0.2442 0.0352)
(-2.75 -0.2278 0.03298)
(-2.5 -0.1841 0.02899)
(-2.25 -0.164 0.02561)
(-2 -0.1409 0.02335)
(-1.75 -0.1166 0.02138)
(-1.5 -0.0948 0.0201)
(-1.25 -0.0724 0.01887)
(-1 -0.049 0.0177)
(-0.75 -0.0263 0.01702)
(-0.5 -0.0031 0.01635)
(-0.25 0.0195 0.0159)
(0 0.041 0.0154)
(0.25 0.0615 0.0151)
(0.5 0.0829 0.01488)
(0.75 0.1237 0.01458)
(1 0.2135 0.01255)
(1.25 0.2822 0.01263)
(1.5 0.3486 0.01241)
(1.75 0.4168 0.01199)
(2 0.4761 0.01163)
(2.25 0.5124 0.0116)
(2.5 0.5397 0.01182)
(2.75 0.5638 0.01219)
(3 0.587 0.01261)
(3.25 0.61 0.01303)
(3.5 0.6319 0.01343)
(3.75 0.653 0.0138)
(4 0.6742 0.01418)
(4.25 0.6955 0.01458)
(4.5 0.7169 0.01499)
(4.75 0.7376 0.01537)
(5 0.7583 0.01571)
(5.25 0.7787 0.01593)
(5.5 0.7967 0.01634)
(5.75 0.8075 0.01855)
(6 0.8248 0.01994)
(6.25 0.8424 0.02134)
(6.5 0.8609 0.02278)
(6.75 0.8824 0.02445)
(7 0.9034 0.02636)
(7.25 0.9255 0.02855)
(7.5 0.9475 0.03105)
(7.75 0.9672 0.03357)
(8 0.9825 0.0378)
(8.25 0.9955 0.04107)
(8.5 1.0069 0.0455)
(8.75 1.0086 0.0486)
(9 1.0007 0.05465)
(9.25 1.0004 0.06029)
(9.5 0.9882 0.0738)
(9.75 0.9546 0.07741)
(10 0.9225 0.0817)
(10.25 0.8917 0.08821)
(10.5 0.8106 0.11422)
(10.75 0.8539 0.1177)
(11 0.8154 0.1233)
(11.25 0.8043 0.12774)