// (sc20402-il) NASA SC(2)-0402 AIRFOIL  
// Re = 1e5  
// (alpha_deg cl cd)  
(-8.25 -0.6827 0.10404)
(-8 -0.6789 0.10035)
(-7.75 -0.6738 0.09656)
(-7.5 -0.6629 0.09236)
(-7.25 -0.6438 0.08806)
(-7 -0.6241 0.08447)
(-6.75 -0.6285 0.07765)
(-6.5 -0.613 0.07316)
(-6.25 -0.5762 0.07004)
(-6 -0.5733 0.06311)
(-5.75 -0.541 0.05898)
(-5.5 -0.5299 0.05401)
(-5.25 -0.5058 0.04971)
(-5 -0.4562 0.03093)
(-4.75 -0.4578 0.04215)
(-4.5 -0.435 0.03878)
(-3.5 -0.2873 0.02535)
(-3.25 -0.2515 0.02322)
(-3 -0.2205 0.02132)
(-2.75 -0.1923 0.01856)
(-2.5 -0.164 0.01686)
(-2.25 -0.1364 0.01546)
(-1.75 -0.0793 0.01297)
(-1.5 -0.0731 0.00935)
(-1.25 -0.0457 0.00906)
(-1 -0.0179 0.00905)
(-0.75 0.0096 0.00905)
(-0.5 0.037 0.00906)
(-0.25 0.0643 0.00907)
(0 0.0915 0.00909)
(0.25 0.1187 0.00913)
(0.5 0.1459 0.00916)
(0.75 0.1945 0.01302)
(1.25 0.2485 0.01553)
(1.5 0.276 0.01696)
(1.75 0.3047 0.0187)
(2 0.333 0.02161)
(2.25 0.3641 0.02327)
(2.5 0.3997 0.02523)
(3.75 0.5579 0.04085)
(4 0.5787 0.04426)
(4.25 0.5975 0.04851)
(4.5 0.6171 0.05283)
(4.75 0.6405 0.05611)
(5 0.6656 0.06061)
(5.25 0.6743 0.06656)
(5.5 0.7037 0.07014)
(5.75 0.7202 0.0746)
(6 0.7218 0.08122)
(6.25 0.7381 0.0858)
(6.5 0.7594 0.08964)
(6.75 0.7715 0.09429)
(7 0.7798 0.09888)
(7.25 0.7856 0.10328)
(7.5 0.7893 0.10749)
(7.75 0.7929 0.1161)
(8 0.7991 0.12016)
(8.25 0.8011 0.1238)
(8.5 0.8025 0.12717)
(8.75 0.8038 0.13035)
(9 0.8025 0.12863)